0.000104090151729 0.0 7.07604838915e-05 0.0 0.0 0.0
0.000160659034542 6.84273374736e-05 -7.47146957418e-05 4.65542924319e-06 1.36411219783e-07 0.0
-3.55188505691e-05 2.92056502073e-05 7.80822261132e-05 -9.27430270461e-06 2.72317007224e-07 0.0
-0.000175818927705 -5.59619978079e-05 -8.08366321799e-05 1.38203516491e-05 4.10110172245e-07 0.0
-3.95228840933e-05 -5.3090936311e-05 8.29562855459e-05 -1.82578791807e-05 5.45018499904e-07 0.0
0.00015895006256 3.33021169427e-05 -8.44245420776e-05 2.25520405452e-05 6.83314305575e-07 0.0
0.000107364774469 6.73046996182e-05 8.52298725986e-05 -2.66691167411e-05 8.18356693191e-07 0.0
-0.000113125423411 -4.57562272375e-06 -8.53659534199e-05 3.05767792909e-05 9.55934312019e-07 0.0
-0.000155648131204 -6.92576330756e-05 8.48317159954e-05 -3.42443440941e-05 1.09215440539e-06 0.0
4.66928389614e-05 -2.49844081129e-05 -8.36313553123e-05 3.76430123671e-05 1.22829344743e-06 0.0
0.000175577223468 5.85939727474e-05 8.17742969512e-05 -4.07460967803e-05 1.36591229752e-06 0.0
2.8245733286e-05 4.99930542987e-05 -7.92751230734e-05 4.35292310139e-05 1.50088658091e-06 0.0
-0.000163521588445 -3.7256306976e-05 7.61534579177e-05 -4.59705610902e-05 1.63914418078e-06 0.0
-9.80388085359e-05 -6.58945157573e-05 -7.2433813705e-05 4.80509169767e-05 1.77402643281e-06 0.0
0.000121677389115 9.13169700521e-06 6.81453981614e-05 -4.97539631151e-05 1.91170356775e-06 0.0
0.000149972252037 6.97920391504e-05 -6.33218851704e-05 5.10663266928e-05 2.04761298155e-06 0.0
-5.76673414425e-05 2.06564250807e-05 5.80011503564e-05 -5.19777026501e-05 2.18387610537e-06 0.0
-0.000174585400301 -6.09756165376e-05 -5.22249736735e-05 5.24809345983e-05 2.32119942646e-06 0.0
-1.68479081748e-05 -4.66815868584e-05 4.60387113377e-05 -5.25720710141e-05 2.45617932719e-06 0.0
0.000167394500713 4.1051326813e-05 -3.94909396766e-05 5.2250396268e-05 2.59429983735e-06 0.0
8.82939912014e-05 6.42028106223e-05 3.2633073694e-05 -5.15184362435e-05 2.7290006144e-06 0.0
-0.000129709512262 -1.36487579189e-05 -2.55189633441e-05 5.0381938503e-05 2.86673068815e-06 0.0
-0.000143655646112 -7.00282725541e-05 1.82044706865e-05 -4.88498271568e-05 3.00233646614e-06 0.0
6.83954716231e-05 -1.62401915616e-05 -1.07470312408e-05 4.69341327878e-05 3.1387472312e-06 0.0
0.000172847695573 6.30967540769e-05 3.20520298623e-06 -4.46498979845e-05 3.27580183345e-06 0.0
5.37810371108e-06 4.31706815794e-05 4.36179345261e-06 4.20150592214e-05 3.41087493593e-06 0.0
-0.000170552253114 -4.46709629827e-05 -1.18945398231e-05 -3.90503060174e-05 3.54891202634e-06 0.0
-7.81719552683e-05 -6.22368116886e-05 1.93338868143e-05 3.57789184752e-05 3.6835601603e-06 0.0
0.000137187477194 1.81075072163e-05 -2.6621418514e-05 -3.22265844794e-05 3.82143295175e-06 0.0
0.000136725299877 6.9965324026e-05 3.3699911108e-05 2.84211979877e-05 3.95687021067e-06 0.0
-7.88313956907e-05 1.17545750389e-05 -4.05137822178e-05 -2.43926399995e-05 4.09355627741e-06 0.0
-0.000170371533282 -6.4948323225e-05 4.70095273495e-05 2.01725439214e-05 4.23046165732e-06 0.0
6.11467763608e-06 -3.94753381094e-05 -5.31361400267e-05 -1.57940471728e-05 4.36577928014e-06 0.0
0.000172981354776 4.80997513062e-05 5.88455123084e-05 1.12915309813e-05 4.50382682422e-06 0.0
6.77159451311e-05 6.00049182973e-05 -6.4092812546e-05 -6.7003504108e-06 4.63856381766e-06 0.0
-0.000144079335789 -2.24888957737e-05 6.8836837415e-05 2.05655674396e-06 4.77665311083e-06 0.0
-0.000129210821865 -6.96034625014e-05 -7.3040335455e-05 2.60338560341e-06 4.91202149945e-06 0.0
8.89305282258e-05 -7.21873942126e-06 7.66702995792e-05 -7.24288541131e-06 5.04904190465e-06 0.0
0.000167167492342 6.65224135193e-05 -7.96982262557e-05 1.18255119805e-05 5.18583163594e-06 0.0
-1.75813352335e-05 3.56113440719e-05 8.21003393252e-05 -1.63152811971e-05 5.32143226115e-06 0.0
-0.000174671427844 -5.1323042964e-05 -8.38577766987e-05 2.06769380897e-05 5.45946015114e-06 0.0
-5.69706320235e-05 -5.75166657711e-05 8.49567384677e-05 -2.48762336624e-05 5.59429004903e-06 0.0
0.000150355643943 2.67742049758e-05 -8.53885952654e-05 2.88801938275e-05 5.73252009453e-06 0.0
0.000121144316194 6.8944233962e-05 8.5149956027e-05 -3.26573783275e-05 5.86776929063e-06 0.0
-9.86497226837e-05 2.6520631685e-06 -8.4242694617e-05 3.61781276132e-05 6.00502767307e-06 0.0
-0.000163249261383 -6.78122999706e-05 8.26739351152e-05 -3.94147957393e-05 6.14159461087e-06 0.0
2.89728800565e-05 -3.15952076165e-05 -8.04559958768e-05 4.23419674481e-05 6.27737900263e-06 0.0
0.000175615251814 5.43270670806e-05 7.76062928044e-05 -4.49366577377e-05 6.41523699145e-06 0.0
4.59819231684e-05 5.47826846765e-05 -7.41472025937e-05 4.71784923468e-05 6.55005896562e-06 0.0
-0.000155989587372 -3.09451266874e-05 7.01058870252e-05 -4.90498677392e-05 6.68827073565e-06 0.0
-0.000112560245415 -6.79904548312e-05 -6.55140796818e-05 5.05360893322e-05 6.82329637154e-06 0.0
0.00010794745573 1.92594349915e-06 6.04078367677e-05 -5.16254868824e-05 6.96066072994e-06 0.0
0.000158633580272 6.88124717945e-05 -5.48272539843e-05 5.23095061241e-05 7.09689472381e-06 0.0
-4.0240643985e-05 2.74440868911e-05 4.88161516877e-05 -5.25827759394e-05 7.23278042415e-06 0.0
-0.000175808794386 -5.70989895578e-05 -4.2421730798e-05 5.24431505347e-05 7.37036864693e-06 0.0
-3.47967656492e-05 -5.18146554063e-05 3.5694202164e-05 -5.1891726289e-05 7.50515444922e-06 0.0
0.000160957096169 3.49838414711e-05 -2.86863922936e-05 5.09328331457e-05 7.64328242129e-06 0.0
0.000103495283269 6.67461999415e-05 2.14533285439e-05 -4.95740006119e-05 7.77809525217e-06 0.0
-0.000116784004641 -6.49572195446e-06 -1.40518070311e-05 4.78258986353e-05 7.91555977224e-06 0.0
-0.000153340168592 -6.95186559547e-05 6.53994665061e-06 -4.57022538199e-05 8.05149762415e-06 0.0
5.13364877281e-05 -2.31757167373e-05 1.02326728936e-06 4.32197416413e-05 8.18754874742e-06 0.0
0.000175251228686 5.96269679054e-05 -8.57844623754e-06 -4.03978555057e-05 8.32492126164e-06 0.0
2.34629458371e-05 4.86252582782e-05 1.60662647358e-05 3.72587536823e-05 8.4597901405e-06 0.0
-0.000165236947636 -3.88730947175e-05 -2.34279262596e-05 -3.38270853096e-05 8.59791195171e-06 0.0
-9.39881580134e-05 -6.52167851257e-05 3.0605624906e-05 3.01297968439e-05 8.73265808239e-06 0.0
0.000125121617011 1.10377487236e-05 -3.75429993015e-05 -2.61959204675e-05 8.870330744e-06 0.0
0.000147391641398 6.99278354193e-05 4.41855751687e-05 2.20563461195e-05 9.00610951727e-06 0.0
-6.22130064899e-05 1.88083329217e-05 -5.04811930738e-05 -1.77435789394e-05 9.14246115027e-06 0.0
-0.000173944936805 -6.19002018364e-05 5.63804179974e-05 1.3291484027e-05 9.27972703348e-06 0.0
-1.20288852337e-05 -4.52281193599e-05 -6.18369275131e-05 -8.7350205238e-06 9.41482275522e-06 0.0
0.000168810856955 4.25962703621e-05 6.68078755242e-05 4.10996710389e-06 9.55301403601e-06 0.0
8.40794869587e-05 6.34087445057e-05 -7.12542287041e-05 5.4735897074e-07 9.68781116744e-06 0.0
-0.000132924672041 -1.55326188964e-05 7.51410729968e-05 -5.20038702385e-06 9.82574241876e-06 0.0
-0.000140813412593 -7.003826205e-05 -7.84378877728e-05 9.8125801285e-06 9.96142550163e-06 0.0
7.28237324972e-05 -1.43605942269e-05 8.11187854855e-05 -1.43477220056e-05 1.00981092661e-05 0.0
0.000171895499616 6.39089794088e-05 -8.31627149478e-05 1.87702014048e-05 1.02352610649e-05 0.0
5.43433599315e-07 4.16377522551e-05 8.45536266323e-05 -2.3045291734e-05 1.03705903005e-05 0.0
-0.000171663555305 -4.61374618739e-05 -8.52805986967e-05 2.71394237431e-05 1.05087833432e-05 0.0
-7.38116029403e-05 -6.13298025772e-05 8.53379227453e-05 -3.1020449119e-05 1.06436010001e-05 0.0
0.000140159832724 1.99611290297e-05 -8.4725148653e-05 3.4657892924e-05 1.07816869768e-05 0.0
0.000133633586358 6.98494640708e-05 8.34470880999e-05 -3.80231928934e-05 1.09171914018e-05 0.0
-8.31233335237e-05 9.85150273608e-06 -8.15137767885e-05 4.10899237151e-05 1.10540937809e-05 0.0
-0.000169111672932 -6.56447185181e-05 7.89403956403e-05 -4.38340045284e-05 1.11910004526e-05 0.0
1.09443397475e-05 -3.78694960963e-05 -7.57471515911e-05 4.62338880142e-05 1.13264566879e-05 0.0
0.000173782855097 4.94815402132e-05 7.19591189202e-05 -4.82707295907e-05 1.14644926256e-05 0.0
6.32283734602e-05 5.89888412081e-05 -6.76060423595e-05 4.99285353868e-05 1.15992305859e-05 0.0
-0.000146796188268 -2.43043591908e-05 6.27221035299e-05 -5.119428783e-05 1.17373213304e-05 0.0
-0.000125882837079 -6.93622480838e-05 -5.73456525368e-05 5.20580478647e-05 1.18725510969e-05 0.0
9.30678065627e-05 -5.30032265005e-06 5.15189068339e-05 -5.25130329964e-05 1.20095646223e-05 0.0
0.000165605350104 6.71000035626e-05 -4.52876197199e-05 5.25556705499e-05 1.21461337259e-05 0.0
-2.23853555693e-05 3.39394500121e-05 3.870072107e-05 -5.21856257226e-05 1.2281667871e-05 0.0
-0.000175159702044 -5.26142184674e-05 -3.18099331244e-05 5.14058042139e-05 1.24194750278e-05 0.0
-5.23750132711e-05 -5.63958616923e-05 2.46693643503e-05 -5.02223294088e-05 1.25541402772e-05 0.0
0.000152805386157 2.85437537886e-05 -1.73350845664e-05 4.86444942948e-05 1.26922076109e-05 0.0
0.000117594278299 6.85786956229e-05 9.86468466661e-06 -4.66846884914e-05 1.28272055336e-05 0.0
-0.000102614665822 7.26497984746e-07 -2.31682439931e-06 4.43583009625e-05 1.29643650659e-05 0.0
-0.0001613915112 -6.8268617125e-05 -5.24922824569e-06 -4.16835991784e-05 1.3100660525e-05 0.0
3.37307343909e-05 -2.98644043464e-05 1.27740624268e-05 3.86815856738e-05 1.32363727185e-05 0.0
0.000175788213837 5.55221128886e-05 -2.01985909617e-05 -3.53758331302e-05 1.33740275975e-05 0.0
4.1297891206e-05 5.35619420216e-05 2.74645142973e-05 3.17922992762e-05 1.35087628776e-05 0.0
-0.000158161753283 -3.26612008488e-05 -3.45147782943e-05 -2.79591230598e-05 1.36469015302e-05 0.0
-0.000108803321244 -6.75021542607e-05 4.12940222334e-05 2.39064036932e-05 1.37818208352e-05 0.0
0.000111723124235 3.85043049938e-06 -4.77490135233e-05 -1.96659643054e-05 1.39192437464e-05 0.0
0.000156488159014 6.91455665351e-05 5.38290656987e-05 1.52711020574e-05 1.4055394375e-05 0.0
-4.49320053271e-05 2.56617689251e-05 -5.9486436425e-05 -1.07563266831e-05 1.41914170342e-05 0.0
-0.000175665705287 -5.81928000737e-05 6.4676702385e-05 6.15708950952e-06 1.43290094755e-05 0.0
-3.0044332076e-05 -5.04991895567e-05 -6.93591081039e-05 -1.50950508181e-06 1.44639409892e-05 0.0
0.000162842405627 3.6639109394e-05 7.34968859728e-05 -3.14993241796e-06 1.46022016065e-05 0.0
9.95475235379e-05 6.61372233072e-05 -7.70575449587e-05 7.78463573405e-06 1.47371281591e-05 0.0
-0.000120354267717 -8.41090878143e-06 8.00131257337e-05 -1.23582118307e-05 1.48748370083e-05 0.0
-0.000150916242147 -6.97271052004e-05 -8.23404202196e-05 1.68347476607e-05 1.5010865534e-05 0.0
5.59413131653e-05 -2.13494986761e-05 8.40211538247e-05 -2.11790921654e-05 1.51472005404e-05 0.0
0.000174792699785 6.06148700403e-05 -8.50421289406e-05 2.53571322907e-05 1.52846821371e-05 0.0
1.86624144848e-05 4.72206893013e-05 8.53953285745e-05 -2.93360608527e-05 1.54197849875e-05 0.0
-0.00016682734603 -4.04604845974e-05 -8.50779793004e-05 3.30846341493e-05 1.55580664465e-05 0.0
-8.98664287437e-05 -6.44897341596e-05 8.40925730367e-05 -3.6573417295e-05 1.56929385818e-05 0.0
0.000128471221415 1.29354531207e-05 -8.24468474797e-05 3.97750153517e-05 1.58308084701e-05 0.0
0.000144699565511 7.00107486118e-05 8.01537253439e-05 -4.26642884422e-05 1.59666060184e-05 0.0
-6.67116228171e-05 1.69460169203e-05 -7.72312128902e-05 4.52185491554e-05 1.61031312128e-05 0.0
-0.000173172927075 -6.2777974974e-05 7.37022585345e-05 -4.74177406949e-05 1.62403566592e-05 0.0
-7.20076542217e-06 -4.37404479986e-05 -6.95945726509e-05 4.92445943703e-05 1.6375525871e-05 0.0
0.000170099549623 4.41090003899e-05 6.49404099813e-05 -5.06847651962e-05 1.65136717897e-05 0.0
7.98013974226e-05 6.25667253892e-05 -5.9776316362e-05 5.17269445333e-05 1.66483984455e-05 0.0
-0.000136039307251 -1.74047332973e-05 5.4142841755e-05 -5.23629488868e-05 1.6786298991e-05 0.0
-0.000137864688626 -6.99952849591e-05 -4.80842218382e-05 5.25877841661e-05 1.69217858501e-05 0.0
7.71969202667e-05 -1.24701366618e-05 4.16480306539e-05 -5.23996848991e-05 1.70584262621e-05 0.0
0.000170813307316 6.46728734372e-05 -3.48848070436e-05 5.18001280961e-05 1.71953275888e-05 0.0
-4.29164748528e-06 4.00733342908e-05 2.78476578022e-05 -5.07938216509e-05 1.73305517335e-05 0.0
-0.000172645036562 -4.75690692101e-05 -2.05918406682e-05 4.9388667374e-05 1.74685232071e-05 0.0
-6.93954304285e-05 -6.03764126704e-05 1.3174330424e-05 -4.75956989445e-05 1.7603147108e-05 0.0
0.000143026192078 2.17996551963e-05 -5.65337151314e-06 4.54289952711e-05 1.77410886836e-05 0.0
0.000130440812151 6.96807803077e-05 -1.91197931187e-06 -4.29055699399e-05 1.78763371288e-05 0.0
-8.73524091563e-05 7.9409802131e-06 9.46231672033e-06 4.00452376192e-05 1.80131653004e-05 0.0
-0.000167723921516 -6.62914698513e-05 -1.69383532712e-05 -3.68704584685e-05 1.81498286508e-05 0.0
1.57657251784e-05 -3.62350151951e-05 2.42813849555e-05 3.34061617754e-05 1.82852368176e-05 0.0
0.00017445293176 5.08259085988e-05 -3.14337521567e-05 -2.9679550203e-05 1.8423126158e-05 0.0
5.86929851954e-05 5.79281536805e-05 3.83392924117e-05 2.57198861873e-05 1.85578036435e-05 0.0
-0.000149402025813 -2.61014423839e-05 -4.49437814136e-05 -2.15582621593e-05 1.86958899227e-05 0.0
-0.000122459653127 -6.90685783165e-05 5.11953587979e-05 1.7227356399e-05 1.88310494996e-05 0.0
9.71347021702e-05 -3.3778974984e-06 -5.70449353641e-05 -1.27611764357e-05 1.89681828499e-05 0.0
0.000163917968463 6.76268490835e-05 6.24465785392e-05 8.19479201068e-06 1.91047190179e-05 0.0
-2.71724469317e-05 3.224188917e-05 -6.73578730529e-05 -3.56405970007e-06 1.9240431255e-05 0.0
-0.000175515511341 -5.38656043546e-05 7.17402539951e-05 -1.09465864185e-06 1.93783015477e-05 0.0
-4.77397858019e-05 -5.52324081214e-05 -7.55593096385e-05 5.74478140637e-06 1.95131326652e-05 0.0
0.000155139568968 3.02917163259e-05 7.87850516496e-05 -1.03497944797e-05 1.96513844689e-05 0.0
0.000113955309478 6.81612944972e-05 -8.13921505659e-05 1.48735379625e-05 1.97865035019e-05 0.0
-0.000106502006398 -1.19961661467e-06 8.33601346899e-05 -1.92804901078e-05 1.99239344153e-05 0.0
-0.000159411708339 -6.86733059903e-05 -8.46735508389e-05 2.35360462482e-05 2.00603239536e-05 0.0
3.84630797846e-05 -2.81110160561e-05 8.53220856881e-05 -2.76067905215e-05 2.01963125401e-05 0.0
0.000175828235645 5.6675169979e-05 -8.53006467536e-05 3.1460758262e-05 2.0334077438e-05 0.0
3.65826276242e-05 5.23006930325e-05 8.46094023802e-05 -3.50676869964e-05 2.04690084671e-05 0.0
-0.000160214309026 -3.43525749066e-05 -8.32537804193e-05 3.83992540733e-05 2.06072979468e-05 0.0
-0.000104964114328 -6.69628050404e-05 8.1244425608e-05 -4.14292990608e-05 2.07422892178e-05 0.0
0.000115414301886 5.77200560323e-06 -7.85971159837e-05 4.41340291662e-05 2.08798805791e-05 0.0
0.000154224393249 6.9426369792e-05 7.53326389899e-05 -4.64922060636e-05 2.10159972236e-05 0.0
-4.95893867432e-05 2.3860044191e-05 -7.14766282476e-05 4.84853126634e-05 2.1152140728e-05 0.0
-0.000175389768619 -5.9242602159e-05 6.70593622724e-05 -5.00976985142e-05 2.12896511921e-05 0.0
-2.52691774119e-05 -4.91455335861e-05 -6.2115526719e-05 5.13167026941e-05 2.14245875293e-05 0.0
0.000164604565165 3.82666689113e-05 5.66839420192e-05 -5.21327532285e-05 2.15627716563e-05 0.0
9.55244807776e-05 6.54782302551e-05 -5.08072585527e-05 5.25394422517e-05 2.16975610857e-05 0.0
-0.000123833512617 -1.03197348405e-05 4.45316217441e-05 -5.25335763235e-05 2.18352112206e-05 0.0
-0.000148378184969 -6.98828231723e-05 -3.7906309715e-05 5.21152015048e-05 2.19709980566e-05 0.0
6.05038328637e-05 -1.95071350104e-05 3.09833463389e-05 -5.12876029962e-05 2.21072597132e-05 0.0
0.000174201983528 6.15569320491e-05 -2.38170927336e-05 5.00572793413e-05 2.22444769593e-05 0.0
1.38477696413e-05 4.57804095763e-05 1.64638204026e-05 -4.84338913987e-05 2.237944642e-05 0.0
-0.000168291580884 -4.20172761485e-05 -8.98126937484e-06 4.64301864817e-05 2.25175210749e-05 0.0
-8.56767377934e-05 -6.3713912693e-05 1.42819481289e-06 -4.40618982629e-05 2.2652184912e-05 0.0
0.00013172366918 1.48233750535e-05 6.1360943493e-06 4.13476232288e-05 2.2789941125e-05 0.0
0.000141898060266 7.00407160247e-05 -1.36522011175e-05 -3.8308674655e-05 2.29254948941e-05 0.0
-7.11597883356e-05 1.50708854571e-05 2.10611068396e-05 3.49689152478e-05 2.3061979269e-05 0.0
-0.000172269954946 -6.36082721327e-05 -2.83046346374e-05 -3.13545697674e-05 2.31990048686e-05 0.0
-2.36720001629e-06 -4.22196978292e-05 3.53259062278e-05 2.74940191038e-05 2.33341563924e-05 0.0
0.000171259604139 4.5588372891e-05 -4.20697885483e-05 -2.34175774214e-05 2.34722217616e-05 0.0
7.54629579075e-05 6.16773900518e-05 4.84833266773e-05 1.91572541235e-05 2.36069190329e-05 0.0
-0.000139051062442 -1.92636853311e-05 -5.45161596518e-05 -1.47465025053e-05 2.37448851789e-05 0.0
-0.000134811704192 -6.98993737831e-05 6.0120915916e-05 1.0219957069e-05 2.38803410797e-05 0.0
8.15117276987e-05 -1.05702485291e-05 -6.52535852968e-05 -5.61316156313e-06 2.40171564861e-05 0.0
0.000169601937085 6.53878584656e-05 6.98738645844e-05 9.62289883315e-07 2.41540746071e-05 0.0
-9.1234830022e-06 3.8478610781e-05 -7.39454740046e-05 3.69613797599e-06 2.42895072892e-05 0.0
-0.000173495954638 -4.8964702335e-05 7.74364420985e-05 -8.32554268701e-06 2.44275940887e-05 0.0
-6.49267774727e-05 -5.93773629712e-05 -8.03193567711e-05 1.28895728202e-05 2.45623921251e-05 0.0
0.000145784387566 2.36216953265e-05 8.25715805397e-05 -1.7352390286e-05 2.47005566698e-05 0.0
0.000127149391798 6.94594003042e-05 -8.41754282894e-05 2.16789517463e-05 2.48359225074e-05 0.0
-9.15154243412e-05 6.02445230672e-06 8.51183061422e-05 -2.58352837847e-05 2.49730313342e-05 0.0
-0.000166209328521 -6.68880881174e-05 -8.53928103474e-05 2.97887496755e-05 2.51097818341e-05 0.0
2.05751877457e-05 -3.45731314854e-05 8.49967854184e-05 -3.35083056569e-05 2.52454409302e-05 0.0
0.000174991078016 5.21318397814e-05 -8.39333410579e-05 3.69647446957e-05 2.53834306243e-05 0.0
5.4113210234e-05 5.68236578617e-05 8.22108277396e-05 -4.01309258291e-05 2.55182518817e-05 0.0
-0.000151894877754 -2.78787863048e-05 -7.98427711382e-05 4.2981987284e-05 2.56564689809e-05 0.0
-0.000118943858798 -6.87226752878e-05 7.68477659215e-05 -4.54955416981e-05 2.57916394587e-05 0.0
0.00010112813945 -1.45291780449e-06 -7.32493297397e-05 4.76518519126e-05 2.59289022898e-05 0.0
0.000162106623505 6.81025516539e-05 6.90757185584e-05 -4.94339859537e-05 2.60653511523e-05 0.0
-3.19389890725e-05 3.05199453297e-05 -6.4359704784e-05 5.08279499877e-05 2.62011254696e-05 0.0
-0.000175738586654 -5.50762542623e-05 5.91383199257e-05 -5.18227982043e-05 2.63388759338e-05 0.0
-4.30684550168e-05 -5.40271849228e-05 -5.34525638129e-05 5.24107187665e-05 2.64736443231e-05 0.0
0.000157356427145 3.20167706875e-05 4.73470826532e-05 -5.25870951515e-05 2.66117941509e-05 0.0
0.000110230161708 6.76923462456e-05 -4.08698184567e-05 5.23505424006e-05 2.67467186294e-05 0.0
-0.000110308804602 -3.12482400144e-06 3.40716325823e-05 -5.17029179947e-05 2.68840695962e-05 0.0
-0.00015731135003 -6.902606052e-05 -2.70059063587e-05 5.06493072687e-05 2.70201872866e-05 0.0
4.31663373912e-05 -2.63363687493e-05 1.97281219192e-05 -4.91979834798e-05 2.71560812801e-05 0.0
0.00017573528697 5.77853663498e-05 -1.22954265398e-05 4.73603428437e-05 2.72935852407e-05 0.0
3.18396983514e-05 5.09998915316e-05 4.76618390223e-06 -4.5150815048e-05 2.74283665416e-05 0.0
-0.000162145702353 -3.60179697555e-05 2.80048419489e-06 4.25867499464e-05 2.75664790972e-05 0.0
-0.000101045528073 -6.63728150544e-05 -1.03451620772e-05 -3.96882813224e-05 2.77012625426e-05 0.0
0.000119018197223 7.68921561541e-06 1.78086067439e-05 3.64781687929e-05 2.78387815924e-05 0.0
0.000151843994954 6.96546692069e-05 -2.51322130611e-05 -3.29816190934e-05 2.79746822859e-05 0.0
-5.42092660787e-05 2.2040275247e-05 3.22584739461e-05 2.9226088147e-05 2.81108246593e-05 0.0
-0.000174981193061 -6.02476018987e-05 -3.91314319298e-05 -2.52410654729e-05 2.82481909616e-05 0.0
-2.04749128778e-05 -4.77547111997e-05 4.56971185512e-05 2.10578426259e-05 2.83831434987e-05 0.0
0.000166242242145 3.98652891778e-05 -5.19039781329e-05 -1.67092674859e-05 2.85213182526e-05 0.0
9.14291974226e-05 6.47697191501e-05 5.7703272612e-05 1.22294863274e-05 2.86561112391e-05 0.0
-0.000127219108157 -1.22207565778e-05 -6.30494642446e-05 -7.65367569238e-06 2.87938937338e-05 0.0
-0.000145727916468 -6.99856921085e-05 6.79005731824e-05 3.01776617412e-06 2.89296885331e-05 0.0
6.5020596408e-05 -1.76500190317e-05 -7.22185071097e-05 1.64183972013e-06 2.90661702378e-05 0.0
0.000173479526644 6.24524414952e-05 7.59693603559e-05 -6.2885534123e-06 2.92034496434e-05 0.0
9.02265239217e-06 4.43055083177e-05 -7.91236801326e-05 1.08858875577e-05 2.93386447191e-05 0.0
-0.000169628544867 -4.35422920438e-05 8.16566978053e-05 -1.5397742554e-05 2.94768767674e-05 0.0
-8.14222536254e-05 -6.28899074425e-05 -8.3548523384e-05 1.97886900063e-05 2.9611709834e-05 0.0
0.000134876500636 1.6700086777e-05 8.4784301705e-05 -2.40242509205e-05 2.97497118969e-05 0.0
0.000138989244308 7.0017714995e-05 -8.53543290782e-05 2.80711664428e-05 2.98853680303e-05 0.0
-7.55541391107e-05 1.31843566042e-05 8.52541294833e-05 -3.18976590178e-05 3.00221241078e-05 0.0
-0.000171236703292 -6.43904653984e-05 -8.44844897166e-05 3.54736819152e-05 3.01592201402e-05 0.0
2.46815558971e-06 -4.06670189222e-05 8.30514532129e-05 -3.8771155165e-05 3.02945807922e-05 0.0
0.00017229014321 4.70332690868e-05 -8.09662725908e-05 4.17641860502e-05 3.04327274972e-05 0.0
7.10674493678e-05 6.07414110551e-05 7.82453212939e-05 -4.44292724234e-05 3.05675061117e-05 0.0
-0.000141957659966 -2.11080691613e-05 -7.49099650215e-05 4.67454872528e-05 3.07055740516e-05 0.0
-0.000131656768115 -6.97506010548e-05 7.09863939592e-05 -4.86946429473e-05 3.08409768552e-05 0.0
8.57648917108e-05 -8.66236662303e-06 -6.6505417126e-05 5.02614341705e-05 3.09778758697e-05 0.0
0.000168262305022 6.6053393785e-05 6.15022204527e-05 -5.1433558023e-05 3.11146567835e-05 0.0
-1.39484188654e-05 3.68547877388e-05 -5.60160904919e-05 5.22018106481e-05 3.12500909745e-05 0.0
-0.000174215666024 -5.03233057982e-05 5.00901059284e-05 -5.2560159503e-05 3.13880271124e-05 0.0
-6.04090235014e-05 -5.83334090133e-05 -4.37707993133e-05 5.25057907286e-05 3.15227004953e-05 0.0
0.000148432333296 2.54258714987e-05 3.71077916764e-05 -5.20391312443e-05 3.1660745814e-05 0.0
0.000123761814444 6.91854914795e-05 -3.01534028879e-05 5.11638453959e-05 3.17958726549e-05 0.0
-9.5609230789e-05 4.10336839528e-06 2.2962240827e-05 -4.98868061818e-05 3.19328890938e-05 0.0
-0.000164569039364 -6.74341221226e-05 -1.55907725858e-05 4.82180412846e-05 3.20693550347e-05 0.0
2.53690902828e-05 -3.28851017706e-05 8.09688107272e-06 -4.61706543309e-05 3.22049085276e-05 0.0
0.000175396886892 5.33983461477e-05 -5.39410499085e-07 4.37607219971e-05 3.23426581216e-05 0.0
4.94925120406e-05 5.56761890292e-05 -7.02229568236e-06 -4.10071677716e-05 3.24773259348e-05 0.0
-0.000154272858866 -2.96350468335e-05 1.45288607597e-05 3.79316133613e-05 3.26154094959e-05 0.0
-0.00011533811292 -6.83248005878e-05 -2.1921341005e-05 -3.45582089124e-05 3.27503869798e-05 0.0
0.000105045098356 4.73160661647e-07 2.91416885175e-05 3.09134433757e-05 3.28876268314e-05 0.0
0.000160172685063 6.85267515227e-05 -3.61332070327e-05 -2.70259365082e-05 3.30239008554e-05 0.0
-3.6681377284e-05 2.87749207149e-05 4.28409971177e-05 2.29262141423e-05 3.31597169718e-05 0.0
-0.000175828759282 -5.62452526339e-05 -4.92123872577e-05 -1.86464684881e-05 3.32973872627e-05 0.0
-3.83645536197e-05 -5.27811035491e-05 5.51973474478e-05 1.42203053507e-05 3.34322061455e-05 0.0
0.000159454284186 3.37176122972e-05 -6.07488820433e-05 -9.68248024785e-06 3.35704181505e-05 0.0
0.000106421652141 6.71722055111e-05 6.58233987831e-05 5.06862549954e-06 3.37053778353e-05 0.0
-0.000114032181534 -5.04766823331e-06 -7.03810510888e-05 -4.14970432512e-07 3.38429200743e-05 0.0
-0.000155092024673 -6.93266139424e-05 7.43860509516e-05 -4.24194310281e-06 3.39790810764e-05 0.0
4.78369503621e-05 -2.45418045068e-05 -7.78069499498e-05 8.86554766956e-06 3.41152266765e-05 0.0
0.000175509438105 5.88518624126e-05 8.06168861916e-05 -1.34195373826e-05 3.42528305947e-05 0.0
2.70726902381e-05 4.96605212526e-05 -8.2793795242e-05 1.78681529927e-05 3.43878394497e-05 0.0
-0.000163954472642 -3.76561259371e-05 8.43205833792e-05 -2.21764626788e-05 3.45261387745e-05 0.0
-9.70505259203e-05 -6.57326304839e-05 -8.51852618196e-05 2.63106363427e-05 3.46610730851e-05 0.0
0.000122532084791 9.60061064168e-06 8.5381040857e-05 -3.02382112528e-05 3.4798844084e-05 0.0
0.00014934876431 6.9830292128e-05 -8.49063831776e-05 3.39283469507e-05 3.49348215598e-05 0.0
-5.87881495397e-05 2.02038382973e-05 8.37650159313e-05 -3.73520674197e-05 3.50712092602e-05 0.0
-0.000174440287598 -6.12070392595e-05 -8.1965901465e-05 4.04824886131e-05 3.52086209177e-05 0.0
-1.56651641468e-05 -4.632777421e-05 7.95231669478e-05 -4.32950295548e-05 3.53437272057e-05 0.0
0.00016775419807 4.14337612333e-05 -7.64559934401e-05 4.57676053569e-05 3.54819569565e-05 0.0
8.72647705399e-05 6.40122258053e-05 7.27884652787e-05 -4.78808006367e-05 3.56167624827e-05 0.0
-0.000130508493972 -1.41125363416e-05 -6.85493809593e-05 4.96180219712e-05 3.57546115397e-05 0.0
-0.000142967440916 -7.00356342141e-05 6.37720270024e-05 -5.09656281943e-05 3.58902907161e-05 0.0
6.94881879861e-05 -1.57795551882e-05 -5.8493916578e-05 5.19130375108e-05 3.60268069414e-05 0.0
0.000172625875495 6.33007211477e-05 5.27564949414e-05 -5.24528105878e-05 3.61639065166e-05 0.0
4.19071174268e-06 4.2797100923e-05 -4.66048139926e-05 5.25807089702e-05 3.62990449799e-05 0.0
-0.000170837226896 -4.5034378987e-05 4.00871785161e-05 -5.2295728363e-05 3.64371054359e-05 0.0
-7.71061937024e-05 -6.20183415639e-05 -3.32547668776e-05 5.16001065165e-05 3.65717615978e-05 0.0
0.000137927331448 1.85641690238e-05 2.61612291566e-05 -5.04993056554e-05 3.6709637368e-05 0.0
0.000135975317433 6.99417629173e-05 -1.88622658702e-05 4.90019695877e-05 3.68450259137e-05 0.0
-7.98913519052e-05 1.12878570532e-05 1.14151905971e-05 -4.71198558307e-05 3.69816871851e-05 0.0
-0.000170073953511 -6.51239632358e-05 -3.87847993376e-06 4.4867743288e-05 3.71185043451e-05 0.0
7.30164464773e-06 -3.90835854945e-05 -3.6886856798e-06 -4.2263316201e-05 3.72537591893e-05 0.0
0.000173190387489 4.84425962714e-05 1.12268866627e-05 3.93270252873e-05 3.73917029653e-05 0.0
6.66181959163e-05 5.97594962352e-05 -1.86769308726e-05 -3.60819271553e-05 3.75263366936e-05 0.0
-0.000144756901704 -2.29364899687e-05 2.59803183998e-05 3.25535032576e-05 3.76643253508e-05 0.0
-0.000128402266324 -6.95490792841e-05 -3.30797009256e-05 -2.87694598029e-05 3.77995626661e-05 0.0
8.99531958385e-05 -6.74793378356e-06 3.99193320374e-05 2.47595101988e-05 3.79364926205e-05 0.0
0.000166795424229 6.66689760829e-05 -4.64455049666e-05 -2.05551417335e-05 3.80731498737e-05 0.0
-1.87628062068e-05 3.52030931839e-05 5.26069743087e-05 1.61893683287e-05 3.82086685966e-05 0.0
-0.000174803626436 -5.16438521529e-05 -5.83553584181e-05 -1.16964713044e-05 3.83465924276e-05 0.0
-5.58455850758e-05 -5.7245340289e-05 6.36455193141e-05 7.11173019221e-06 3.84813478014e-05 0.0
0.000150968026754 2.72108193008e-05 -6.84359171178e-05 -2.47114571021e-06 3.86195224534e-05 0.0
0.00012028064195 6.88592609776e-05 7.2688936235e-05 -2.18884292521e-06 3.87547118546e-05 0.0
-9.96307325498e-05 2.17918130264e-06 -7.63711807252e-05 6.83164413063e-06 3.88919665934e-05 0.0
-0.000162804294516 -6.79291589275e-05 7.94537365356e-05 -1.14208012833e-05 3.90285047548e-05 0.0
3.01438073907e-05 -3.11722026265e-05 -8.19123985433e-05 1.59202789891e-05 3.91643254257e-05 0.0
0.000175670051494 5.46244698995e-05 8.37278606206e-05 -2.0294746043e-05 3.93022027009e-05 0.0
4.48343850283e-05 5.44866149586e-05 -8.48858672322e-05 2.45098528599e-05 3.94370841634e-05 0.0
-0.000156534170795 -3.13688957941e-05 8.5377325374e-05 -2.85325011976e-05 3.95753696038e-05 0.0
-0.000111645142344 -6.78752551099e-05 -8.51983759741e-05 3.23311040536e-05 3.97104668918e-05 0.0
0.000108882616679 2.39888129901e-06 8.43504241951e-05 -3.58758336957e-05 3.98479480405e-05 0.0
0.000158117615683 6.88991278879e-05 -8.28401284005e-05 3.91388558777e-05 3.9984264387e-05 0.0
-4.13960251247e-05 2.70081350043e-05 8.06793478713e-05 -4.20945484024e-05 4.01202840222e-05 0.0
-0.000175785961032 -5.7371715412e-05 -7.78850496834e-05 4.4719702314e-05 4.02579684177e-05 0.0
-3.36316389462e-05 -5.14951063519e-05 7.44791754773e-05 -4.6993704142e-05 4.03928757921e-05 0.0
0.00016143155358 3.53929548898e-05 -7.04884691659e-05 4.8898697764e-05 4.05311117701e-05 0.0
0.000102532660969 6.66012656514e-05 6.59442669337e-05 -5.04197246171e-05 4.06660133855e-05 0.0
-0.000117669321383 -6.9666951552e-06 -6.08822511754e-05 5.1544841157e-05 4.08035839695e-05 0.0
-0.000152755410638 -6.95747389636e-05 5.53421703084e-05 -5.22652126419e-05 4.09395726978e-05 0.0
5.24713865362e-05 -2.27286804718e-05 -4.93675266557e-05 5.25751825058e-05 4.10757043158e-05 0.0
0.00017515085985 5.98738516277e-05 4.30052348535e-05 -5.24723167755e-05 4.12130964983e-05 0.0
2.22852083444e-05 4.82835950974e-05 -3.63052534639e-05 5.19574231824e-05 4.13479970313e-05 0.0
-0.000165639252008 -3.92658045922e-05 2.93201926856e-05 -5.10345448206e-05 4.14861159335e-05 0.0
-9.29821290977e-05 -6.50427354698e-05 -2.21049012434e-05 4.97109283988e-05 4.16208340669e-05 0.0
0.000125953307206 1.15047451855e-05 1.47160357001e-05 -4.79969673374e-05 4.17584830155e-05 0.0
0.000146740588341 6.99531057401e-05 -7.21161557286e-06 4.59061201561e-05 4.18941819211e-05 0.0
-6.33225743359e-05 1.83521221513e-05 -3.49432253231e-07 -4.3454804794e-05 4.20304827636e-05 0.0
-0.000173767461292 -6.21201886649e-05 7.90773623584e-06 4.06622696907e-05 4.21676393233e-05 0.0
-1.08435686015e-05 -4.48658017411e-05 -1.54039463781e-05 -3.75504426427e-05 4.23026500387e-05 0.0
0.000169139289522 4.29708989176e-05 2.2779200262e-05 3.4143758619e-05 4.24407281169e-05 0.0
8.30343494863e-05 6.32063230767e-05 -2.99755852533e-05 -3.04689678916e-05 4.25754082817e-05 0.0
-0.000133699182456 -1.59936434694e-05 3.69365932479e-05 2.6554925984e-05 4.27132396878e-05 0.0
-0.000140098845929 -7.00326117203e-05 -4.36075643907e-05 -2.24323670893e-05 4.28487909917e-05 0.0
7.39032289721e-05 -1.38971580219e-05 4.99361162796e-05 1.81336627366e-05 4.29853928153e-05 0.0
0.000171641675655 6.41011294933e-05 -5.58725552883e-05 -1.36925676004e-05 4.31224261258e-05 0.0
-6.44398141603e-07 4.12563281284e-05 6.13702667745e-05 9.14395444878e-06 4.32576881063e-05 0.0
-0.000171916712905 -4.64924085838e-05 -6.63860811117e-05 -4.52354031257e-06 4.33958033738e-05 0.0
-7.27318220542e-05 -6.10998741807e-05 7.08806126699e-05 -1.32393975246e-07 4.35305671942e-05 0.0
0.000140873854418 2.04142120777e-05 -7.48185690825e-05 4.78728866713e-06 4.36686306104e-05 0.0
0.000132858558931 6.98129172306e-05 7.81690283726e-05 -9.40459217878e-06 4.38041021681e-05 0.0
-8.41681466924e-05 9.382821036e-06 -8.09056817615e-05 1.39480481027e-05 4.39410336339e-05 0.0
-0.000168782584937 -6.58082109355e-05 8.30070402524e-05 -1.83819799042e-05 4.40779432403e-05 0.0
1.21296118212e-05 -3.74705950209e-05 -8.44566033683e-05 2.26715710636e-05 4.42134634365e-05 0.0
0.000173959656164 4.9815288638e-05 8.52429887189e-05 -2.67831384661e-05 4.43515509058e-05 0.0
6.21185623104e-05 5.87323881675e-05 -8.53600213782e-05 3.06843968908e-05 4.44863689703e-05 0.0
-0.000147446670723 -2.47475650061e-05 8.48067823717e-05 -3.43447125243e-05 4.46245598633e-05 0.0
-0.000125050660041 -6.92949608721e-05 -8.35876158928e-05 3.77353435056e-05 4.47598750032e-05 0.0
9.4073472668e-05 -4.82839780461e-06 8.17120951905e-05 -4.0829665616e-05 4.48970200529e-05 0.0
0.000165202404037 6.72341398239e-05 -7.91949473978e-05 4.36033813403e-05 4.503367877e-05 0.0
-2.35630041355e-05 3.35247762139e-05 7.60559378899e-05 -4.60347106572e-05 4.51693467965e-05 0.0
-0.00017525939123 -5.2925342733e-05 -7.23197150805e-05 4.81045620634e-05 4.53072500817e-05 0.0
-5.1239913306e-05 -5.61139796526e-05 6.80156168757e-05 -4.97966824847e-05 4.54420231734e-05 0.0
0.000153389550316 2.89751888621e-05 -6.31774403039e-05 5.10977849004e-05 4.55801891034e-05 0.0
0.000116708506961 6.8480955511e-05 5.78431761321e-05 -5.19976526767e-05 4.5715252763e-05 0.0
-0.000103576888354 2.53346199438e-07 -5.20547105508e-05 5.24892197905e-05 4.58524980017e-05 0.0
-0.000160916428569 -6.83728241595e-05 4.58574962721e-05 -5.25686263142e-05 4.5988817193e-05 0.0
3.48957281792e-05 -2.94357294371e-05 -3.93001956214e-05 5.22352487248e-05 4.61245795832e-05 0.0
0.00017581036524 5.58092837782e-05 3.24342984269e-05 -5.14917047998e-05 4.62622266859e-05 0.0
4.01423519156e-05 5.32558352679e-05 -2.53137177062e-05 5.03438330619e-05 4.63969579135e-05 0.0
-0.000158677103421 -3.30790219596e-05 1.79943663262e-05 -4.88006469333e-05 4.65350675205e-05 0.0
-0.000107867739889 -6.7374378824e-05 -1.05337179584e-05 4.68742639594e-05 4.6669924676e-05 0.0
0.000112637792289 4.32278777722e-06 2.99035577957e-06 -4.45798106585e-05 4.68072995213e-05 0.0
0.000155942969515 6.9219399139e-05 4.57648754087e-06 4.19353037438e-05 4.69433444583e-05 0.0
-4.60793671322e-05 2.52209243333e-05 -1.21073949527e-05 -3.89615086514e-05 4.70792949722e-05 0.0
-0.000175610224269 -5.84547907065e-05 1.95432315849e-05 3.56817764835e-05 4.72167645812e-05 0.0
-2.88732902732e-05 -5.01701658696e-05 -2.68256090898e-05 -3.21218606491e-05 4.73515957974e-05 0.0
0.000163286740013 3.7041531484e-05 3.38973441253e-05 2.83097146408e-05 4.74897421826e-05 0.0
9.8566129252e-05 6.59799584409e-05 -4.07029073751e-05 -2.42752725355e-05 4.76245467904e-05 0.0
-0.000121217473554 -8.88045349885e-06 4.71888595813e-05 2.00502139437e-05 4.77621646213e-05 0.0
-0.000150303274994 -6.97702479384e-05 -5.33042711642e-05 -1.5667715252e-05 4.78980699766e-05 0.0
5.7066141111e-05 -2.08983678231e-05 5.90011221371e-05 1.11621891122e-05 4.80343385539e-05 0.0
0.000174659823378 6.08505611132e-05 -6.42346791724e-05 -6.56901422333e-06 4.81717239012e-05 0.0
1.74808732138e-05 4.68701543693e-05 6.89638468612e-05 1.92425752799e-06 4.83067798098e-05 0.0
-0.000167198766332 -4.0845788398e-05 -7.31514904059e-05 2.73560899602e-06 4.84450153964e-05 0.0
-8.88434143395e-05 -6.43036517467e-05 7.67647272139e-05 -7.37399472412e-06 4.85798584178e-05 0.0
0.00012927927716 1.34001792409e-05 -7.9775185101e-05 1.19544777052e-05 4.87177406633e-05 0.0
0.000144021439485 7.00230171651e-05 8.21592250779e-05 -1.64410906572e-05 4.88535341377e-05 0.0
-6.78091112987e-05 1.64865271734e-05 -8.38981269707e-05 2.07986033929e-05 4.89901197111e-05 0.0
-0.000172963222968 -6.29863595436e-05 8.4978236417e-05 -2.49927994575e-05 4.91273788113e-05 0.0
-6.01377258413e-06 -4.33698994128e-05 -8.5391072084e-05 2.89907448059e-05 4.92626354425e-05 0.0
0.000170396469021 4.44755397669e-05 8.5133392266e-05 -3.27610464109e-05 4.94008608521e-05 0.0
7.87411335268e-05 6.235262043e-05 -8.42072203399e-05 3.62740987697e-05 4.9535682203e-05 0.0
-0.000136788760646 -1.78626553698e-05 8.26198288764e-05 -3.95023163756e-05 4.96737020557e-05 0.0
-0.000137124300887 -6.99766269128e-05 -8.03836825342e-05 4.24203503267e-05 4.98092809709e-05 0.0
7.82623804818e-05 -1.20042511e-05 7.75163401833e-05 -4.50052873735e-05 4.99460584016e-05 0.0
0.000170527671427 6.48530612216e-05 -7.40403170282e-05 4.72368298399e-05 5.00830490184e-05 0.0
-5.4790206984e-06 3.96843551467e-05 6.99829078118e-05 -4.90974550067e-05 5.02183975188e-05 0.0
-0.000172866186528 -4.79152781964e-05 -6.5375972489e-05 5.05725527051e-05 5.035645732e-05 0.0
-6.83024468087e-05 -6.01351998858e-05 6.02556860531e-05 -5.16505400397e-05 5.04911673058e-05 0.0
0.000143713841231 2.22488168397e-05 -5.46622544797e-05 5.23229523411e-05 5.06291907676e-05 0.0
0.000129641325858 6.96312753746e-05 4.8639599017e-05 -5.25845096326e-05 5.07644764302e-05 0.0
-8.83812891372e-05 7.47068924014e-06 -4.2235011304e-05 5.24331580905e-05 5.09013641466e-05 0.0
-0.000167363574168 -6.64426910338e-05 3.54987820225e-05 -5.18700861711e-05 5.10380214979e-05 0.0
1.69484059496e-05 -3.5829267329e-05 -2.84838060001e-05 5.08997152785e-05 5.11734464854e-05 0.0
0.000174597367474 5.11503080853e-05 2.12451668649e-05 -4.95296650466e-05 5.13113006531e-05 0.0
5.75719514077e-05 5.76608636045e-05 -1.38397045125e-05 4.77706935075e-05 5.14459389413e-05 0.0
-0.000150024932879 -2.65399246441e-05 6.32556878293e-06 -4.56366126164e-05 5.15839723218e-05 0.0
-0.000121604483928 -6.89884379966e-05 1.23823714885e-06 4.31441797958e-05 5.17190399137e-05 0.0
9.81226062308e-05 -2.90521033941e-06 -8.79232008311e-06 -4.03129663518e-05 5.18561051377e-05 0.0
0.00016348444917 6.77484576016e-05 1.62773631679e-05 3.71652037942e-05 5.19925170348e-05 0.0
-2.83453824915e-05 3.18211060595e-05 -2.36345916722e-05 -3.37256092683e-05 5.21281420089e-05 0.0
-0.00017558261573 -5.41668084085e-05 3.08062345021e-05 3.00211914687e-05 5.22658846688e-05 0.0
-4.65954912413e-05 -5.4940182698e-05 -3.77359778364e-05 -2.60810385593e-05 5.24006081571e-05 0.0
0.0001556950727 3.07176458743e-05 4.4369407319e-05 2.19360897644e-05 5.25387533435e-05 0.0
0.000113048110913 6.80508611742e-05 -5.0654435336e-05 -1.76188924252e-05 5.26737543993e-05 0.0
-0.000107444713914 -1.67268049737e-06 5.6541710023e-05 1.31633464284e-05 5.28111106087e-05 0.0
-0.000158906869226 -6.87647822957e-05 -6.19850027903e-05 -8.60443801441e-06 5.29473941813e-05 0.0
3.9621258998e-05 -2.76769954137e-05 6.69415713229e-05 3.9779650555e-06 5.30833376723e-05 0.0
0.000175817722019 5.69518917657e-05 -7.13724952061e-05 6.79744039741e-07 5.32210351915e-05 0.0
3.54199610627e-05 5.19847807369e-05 7.52429815393e-05 -5.33211558746e-06 5.33559435924e-05 0.0
-0.000160700036145 -3.47641320433e-05 -7.85226381402e-05 9.94261781582e-06 5.34942224576e-05 0.0
-0.000104008762223 -6.68225505188e-05 8.11857121934e-05 -1.4475047723e-05 5.36292113367e-05 0.0
0.000116307785326 6.24342513785e-06 -8.32112924682e-05 1.88938153537e-05 5.37668495423e-05 0.0
0.00015365039114 6.94873230703e-05 8.45834735204e-05 -2.31642232618e-05 5.39029905032e-05 0.0
-5.07278615189e-05 2.34146402839e-05 -8.52914805861e-05 2.72527389649e-05 5.40392218848e-05 0.0
-0.000175301681896 -5.94936594395e-05 8.53297541883e-05 -3.11272582509e-05 5.41767934491e-05 0.0
-2.40931061121e-05 -4.8807284091e-05 -8.46979937914e-05 3.47573572696e-05 5.43118345511e-05 0.0
0.000165018440497 3.86620953401e-05 8.34011601616e-05 -3.81145314299e-05 5.44501198709e-05 0.0
9.45250566867e-05 6.53087537444e-05 -8.1449436413e-05 4.11724192256e-05 5.45850112921e-05 0.0
-0.00012467395475 -1.07874959804e-05 7.88581480469e-05 -4.39070092343e-05 5.47227912646e-05 0.0
-0.000147737472175 -6.99129930127e-05 -7.56476426118e-05 4.62968286614e-05 5.48586691922e-05 0.0
6.16177392935e-05 -1.90522507386e-05 7.18431299283e-05 -4.8323111951e-05 5.4995063745e-05 0.0
0.000174036700039 6.17812522307e-05 -6.74744841344e-05 4.99699481386e-05 5.5132362428e-05 0.0
1.26633181351e-05 4.54212679858e-05 6.25760091049e-05 -5.12244057884e-05 5.52674378756e-05 0.0
-0.000168631836229 -4.23948824882e-05 -5.71861690876e-05 5.20766345348e-05 5.5405586033e-05 0.0
-8.46375115576e-05 -6.35159382483e-05 5.1347286671e-05 -5.25199424302e-05 5.55403076591e-05 0.0
0.000132507479382 1.52854793818e-05 -4.51052104546e-05 5.25508484925e-05 5.56781231692e-05 0.0
0.000141193374106 7.00399735324e-05 3.85089550327e-05 -5.21691100382e-05 5.58136822112e-05 0.0
-7.22443674748e-05 1.46084642237e-05 -3.16103161178e-05 5.13777245886e-05 5.59501962097e-05 0.0
-0.000172028180834 -6.3804896852e-05 2.44634638251e-05 -5.01829063318e-05 5.60871857567e-05 0.0
-1.17942863826e-06 -4.18411985046e-05 -1.71245173132e-05 4.85940373276e-05 5.62223201038e-05 0.0
0.000171524785823 4.59465458932e-05 9.65110412065e-06 -4.66235938367e-05 5.63603251593e-05 0.0
7.43883694152e-05 6.14517634796e-05 -2.10190765702e-06 4.42870483533e-05 5.64949511588e-05 0.0
-0.000139774892041 -1.97181585985e-05 -5.46379359566e-06 -4.16027481109e-05 5.66328448052e-05 0.0
-0.000134046055297 -6.98677221303e-05 1.2986591555e-05 3.8591771014e-05 5.67681853357e-05 0.0
8.25623458975e-05 -1.01022659372e-05 -2.04074150278e-05 -3.5277760129e-05 5.69049184486e-05 0.0
0.000169284705281 6.55559476823e-05 2.7667993554e-05 3.16867380311e-05 5.70417023618e-05 0.0
-1.0309499734e-05 3.80823707857e-05 -3.47113149636e-05 -2.78469024684e-05 5.71770399906e-05 0.0
-0.000173684929725 -4.93019117766e-05 4.14820730522e-05 2.37884049442e-05 5.73150035444e-05 0.0
-6.38214176905e-05 -5.91250482164e-05 -4.7927101862e-05 -1.95431139592e-05 5.74496949834e-05 0.0
0.000146445144142 2.4066595886e-05 5.39957931559e-05 1.51443647706e-05 5.75877687539e-05 0.0
0.000126326051252 6.93969747165e-05 -5.96404938084e-05 -1.06266976337e-05 5.77230290844e-05 0.0
-9.25275930415e-05 5.55290771942e-06 6.48168799913e-05 6.02558658234e-06 5.78600858677e-05 0.0
-0.000165817994336 -6.70269237036e-05 -6.94843052178e-05 -1.37716087607e-06 5.79967548638e-05 0.0
2.17543828095e-05 -3.41608436765e-05 7.36061195102e-05 -3.28207869716e-06 5.81323943653e-05 0.0
0.000175103039148 5.24466450017e-05 -7.71499571862e-05 7.91554643575e-06 5.82703500916e-05 0.0
5.29818015927e-05 5.65457328891e-05 8.00879910037e-05 -1.2486859006e-05 5.84051750461e-05 0.0
-0.000152489738356 -2.83122134068e-05 -8.23971506683e-05 1.69601211348e-05 5.85434176306e-05 0.0
-0.000118066344161 -6.8629742466e-05 8.4059303988e-05 -2.13002074693e-05 5.86786122587e-05 0.0
0.000102097534361 -9.79825802627e-07 -8.50613992525e-05 2.54730383919e-05 5.88159534867e-05 0.0
0.000161642858836 6.82115404621e-05 8.53955677189e-05 -2.94458476228e-05 5.89524524451e-05 0.0
-3.31063245909e-05 3.00933711251e-05 -8.50591853993e-05 3.31874395107e-05 5.90883362423e-05 0.0
-0.000175773055499 -5.53673103183e-05 8.40548936655e-05 -3.66684339902e-05 5.92261699792e-05 0.0
-4.19158312359e-05 -5.37248371119e-05 -8.23905785075e-05 3.9861497282e-05 5.9361052917e-05 0.0
0.00015788285035 3.24368726006e-05 8.00793086112e-05 -4.27415565264e-05 5.94993178946e-05 0.0
0.000109302221987 6.75693032268e-05 -7.71392327387e-05 4.52859966622e-05 5.96343436563e-05 0.0
-0.000111231284176 -3.59744222595e-06 7.35934372191e-05 -4.74748380068e-05 5.97718256909e-05 0.0
-0.00015677713622 -6.91047369171e-05 -6.94697646682e-05 4.92908931425e-05 5.99080258614e-05 0.0
4.43168261543e-05 -2.58973306029e-05 6.48005953597e-05 -5.07199018775e-05 6.00440393303e-05 0.0
0.000175692116266 5.80514297622e-05 -5.96225929665e-05 5.17506432201e-05 6.01816100027e-05 0.0
3.06707837878e-05 5.06744126034e-05 5.39764166664e-05 -5.23750234903e-05 6.03164713535e-05 0.0
-0.000162601439119 -3.64229516773e-05 -4.79064018746e-05 5.25881398729e-05 6.04546368411e-05 0.0
-0.000100071127707 -6.62201875156e-05 4.14602121093e-05 -5.23883189162e-05 6.05894452271e-05 0.0
0.000119889820349 8.15934089476e-06 -3.46884647236e-05 5.17771296723e-05 6.07269969589e-05 0.0
0.000151241614325 6.97026970636e-05 2.76443334437e-05 -5.07593713767e-05 6.08628698882e-05 0.0
-5.53379928509e-05 2.15906488623e-05 -2.03831308332e-05 4.93430357628e-05 6.09990105018e-05 0.0
-0.000174860567247 -6.04875359642e-05 1.29618739626e-05 -4.75392443091e-05 6.1136312698e-05 0.0
-1.92947014876e-05 -4.74074916987e-05 -5.43883669523e-06 4.53621609096e-05 6.12712159158e-05 0.0
0.000166625345429 4.02534209033e-05 -2.12690789666e-06 -4.28288806551e-05 6.14093095244e-05 0.0
9.04124993435e-05 6.45881591622e-05 9.67595139036e-06 3.99592955976e-05 6.15440045064e-05 0.0
-0.000128036150998 -1.26863803948e-05 -1.71490165051e-05 -3.67759385519e-05 6.16817007889e-05 0.0
-0.000145059942573 -7.00028662352e-05 2.44874225642e-05 3.33038061615e-05 6.18173649484e-05 0.0
6.61227389277e-05 -1.71917253485e-05 -3.16335462733e-05 -2.95701626179e-05 6.19537572089e-05 0.0
0.00017328196107 6.2665221143e-05 3.85312741947e-05 2.5604325574e-05 6.20909018871e-05 0.0
7.83618639482e-06 4.39380316704e-05 -4.51264433664e-05 -2.14374359333e-05 6.22260019516e-05 0.0
-0.000169937377936 -4.3911915357e-05 5.13672666057e-05 1.7102213323e-05 6.23641241313e-05 0.0
-8.03676014751e-05 -6.26801906846e-05 -5.7204739157e-05 -1.26326991693e-05 6.24988597575e-05 0.0
0.000135635472538 1.7159219846e-05 6.25930234914e-05 8.06398939475e-06 6.26367940713e-05 0.0
0.000138258530932 7.00039620186e-05 -6.74898092361e-05 -3.43195883471e-06 6.27723646009e-05 0.0
-7.66249886921e-05 1.27193535914e-05 7.18566454081e-05 -1.22702046231e-06 6.290909599e-05 0.0
-0.000170963042017 -6.45751815696e-05 -7.56592423421e-05 5.87636483849e-06 6.30461403816e-05 0.0
3.65580725306e-06 -4.02808550998e-05 7.88677409433e-05 -1.04795662922e-05 6.31815091048e-05 0.0
0.000172523386636 4.73828048452e-05 -8.14569471493e-05 1.50004791494e-05 6.33196573806e-05 0.0
6.99793489389e-05 6.05044335005e-05 8.34065297614e-05 -1.94036038901e-05 6.34544658759e-05 0.0
-0.000142655318371 -2.15587499273e-05 -8.4701180091e-05 2.36543659006e-05 6.3592593664e-05 0.0
-0.000130866437088 -6.97059797323e-05 8.53307321678e-05 -2.77193869639e-05 6.37280448312e-05 0.0
8.67998733611e-05 -8.1926409141e-06 -8.52902425663e-05 3.15667473544e-05 6.38650485527e-05 0.0
0.00016791371721 6.62092573163e-05 8.45800292226e-05 -3.51662364817e-05 6.40019007538e-05 0.0
-1.51321821881e-05 3.64515865498e-05 -8.32056689379e-05 3.84895901123e-05 6.4137458445e-05 0.0
-0.00017437232332 -5.06512606796e-05 8.11779535883e-05 -4.15107123087e-05 6.42754931797e-05 0.0
-5.92921234875e-05 -5.80701831017e-05 -7.85128053831e-05 4.42058803426e-05 6.4410282442e-05 0.0
0.000149065697597 2.58661745173e-05 7.52311518398e-05 -4.65539309721e-05 6.45484482263e-05 0.0
0.000122915242297 6.91101924466e-05 -7.13587614545e-05 4.85364266223e-05 6.46836675438e-05 0.0
-9.6603922754e-05 3.63092680027e-06 6.69260413606e-05 -5.01378001617e-05 6.48208069905e-05 0.0
-0.000164147014288 -6.75604671179e-05 -6.19677985629e-05 5.13454771404e-05 6.49573397642e-05 0.0
2.65439078704e-05 -3.24665858122e-05 5.65229666233e-05 -5.21499745284e-05 6.50929910048e-05 0.0
0.000175476288771 5.37033190297e-05 -5.06342999426e-05 5.25449751785e-05 6.52307869223e-05 0.0
4.83515841759e-05 5.53878393412e-05 4.43480380408e-05 -5.25273774311e-05 6.53655031091e-05 0.0
-0.00015483922314 -3.00630909971e-05 -3.77135424712e-05 5.20973194686e-05 6.55036150088e-05 0.0
-0.000114438916466 -6.82191455447e-05 3.07829092188e-05 -5.12581782312e-05 6.56385823704e-05 0.0
0.000105995251011 9.46299729536e-07 -2.36105596278e-05 5.00165428993e-05 6.57758264012e-05 0.0
0.000159679025741 6.8623038198e-05 1.6252813069e-05 -4.83821631541e-05 6.5912040976e-05 0.0
-3.78422299609e-05 2.83428780138e-05 -8.76744470416e-06 4.63678726196e-05 6.60478248623e-05 0.0
-0.000175830566515 -5.65259405803e-05 1.21323181857e-06 -4.39894880899e-05 6.61854071954e-05 0.0
-3.72044722927e-05 -5.24688620018e-05 6.35050771544e-06 4.12656853306e-05 6.63201487831e-05 0.0
0.000159951228753 3.4131568872e-05 -1.38643812195e-05 -3.82178524318e-05 6.64582648585e-05 0.0
0.000105473673019 6.70366458481e-05 2.12693875777e-05 3.48699218619e-05 6.65931070167e-05 0.0
-0.00011493373554 -5.51948338108e-06 -2.85073805307e-05 -3.12481825438e-05 6.67305563921e-05 0.0
-0.000154528840166 -6.93924309321e-05 3.55215252568e-05 2.73810734257e-05 6.68665806787e-05 0.0
4.89788786152e-05 -2.40980808799e-05 -4.22567446555e-05 -2.32989601711e-05 6.70026372576e-05 0.0
0.000175433642972 5.91070662397e-05 4.86601518292e-05 1.90338967181e-05 6.71401154391e-05 0.0
2.58984116665e-05 4.93257218361e-05 -5.46814653658e-05 -1.4619373583e-05 6.72750370417e-05 0.0
-0.000164379874405 -3.80542263755e-05 6.02734041638e-05 1.00900548829e-05 6.74132480012e-05 0.0
-9.60578141838e-05 -6.55677453528e-05 -6.53920586964e-05 -5.48150614298e-06 6.75481012965e-05 0.0
0.000123381188437 1.00690861325e-05 6.99972358024e-05 8.29915025667e-07 6.76858331498e-05 0.0
0.000148718460713 6.98653582419e-05 -7.40527742945e-05 3.82819282533e-06 6.78217507498e-05 0.0
-5.99062747064e-05 1.97503294659e-05 7.75268289072e-05 -8.45624059503e-06 6.79581437717e-05 0.0
-0.000174287213918 -6.14356686594e-05 -8.03921203552e-05 1.30178875089e-05 6.80955368199e-05 0.0
-1.44817052034e-05 -4.59718472884e-05 8.26261495383e-05 -1.74773141914e-05 6.82306788139e-05 0.0
0.000168106239585 4.181430473e-05 -8.4211374211e-05 2.17995039295e-05 6.83689452474e-05 0.0
8.62315673527e-05 6.38187196452e-05 8.51353467289e-05 -2.5950517635e-05 6.85038045483e-05 0.0
-0.000131301519631 -1.45756707067e-05 -8.53908117917e-05 2.98977603432e-05 6.86417436243e-05 0.0
-0.000142272711077 -7.00397996392e-05 8.49757634134e-05 -3.36102371587e-05 6.87774910963e-05 0.0
7.0577733098e-05 -1.5318198679e-05 -8.38934606745e-05 3.70587966357e-05 6.89141311566e-05 0.0
0.000172396177244 6.35017993466e-05 8.21524021302e-05 -4.02163596843e-05 6.90513170266e-05 0.0
3.00312852164e-06 4.24215671238e-05 -7.97662590776e-05 4.30581322029e-05 6.91865842855e-05 0.0
-0.000171114404134 -4.53957397452e-05 7.67537682046e-05 -4.55617997688e-05 6.93247507822e-05 0.0
-7.60369132205e-05 -6.17970410915e-05 -7.31385844639e-05 4.77077028574e-05 6.94595154418e-05 0.0
0.000138660891074 1.90199836132e-05 6.89490953278e-05 -4.94789912148e-05 6.95975081066e-05 0.0
0.000135219129447 6.99150098576e-05 -6.42181978809e-05 5.08617561707e-05 6.97329727639e-05 0.0
-8.09476620966e-05 1.08206239206e-05 5.89830405034e-05 -5.18451398532e-05 6.98697403804e-05 0.0
-0.00016976861203 -6.52966311669e-05 -5.32847311705e-05 5.24214204483e-05 7.00066028686e-05 0.0
8.48827843226e-06 -3.86900492114e-05 4.71680146612e-05 -5.25860728334e-05 7.01419270151e-05 0.0
0.000173391516266 4.87832304488e-05 -4.06809212091e-05 5.23378041102e-05 7.02798927271e-05 0.0
6.55174064289e-05 5.95113469131e-05 3.38743893551e-05 -5.16785637567e-05 7.04145396635e-05 0.0
-0.00014542786131 -2.3383037405e-05 -2.68018659629e-05 5.06135283197e-05 7.05525300703e-05 0.0
-0.000127587850854 -6.94915220367e-05 1.95188865393e-05 -4.91510607664e-05 7.0687722506e-05 0.0
9.09717582332e-05 -6.2768201886e-06 -1.20826391528e-05 4.73026448167e-05 7.08246285057e-05 0.0
0.000166415744029 6.68124960566e-05 4.5515153763e-06 -4.50827947691e-05 7.09611983508e-05 0.0
-1.99434208969e-05 3.47932357229e-05 3.0153482201e-06 4.25089415306e-05 7.10966575592e-05 0.0
-0.000174927847469 -5.19623044575e-05 -1.0558534427e-05 -3.96012957439e-05 7.12344756936e-05 0.0
-5.47179894882e-05 -5.69714022858e-05 1.80188119567e-05 3.63826890878e-05 7.13691319409e-05 0.0
0.000151573519797 2.76461917983e-05 -2.53376005445e-05 -3.2878394996e-05 7.15072032105e-05 0.0
0.000119411478426 6.87711454446e-05 3.24574309379e-05 2.91159302029e-05 7.16422641051e-05 0.0
-0.000100607195542 1.70619998489e-06 -3.93223961621e-05 -2.51248386742e-05 7.17794270048e-05 0.0
-0.000162351897706 -6.80429177832e-05 4.58785905173e-05 2.09364596191e-05 7.19158319791e-05 0.0
3.13133590438e-05 -3.07477750224e-05 -5.20745328623e-05 -1.65836814058e-05 7.20515715754e-05 0.0
0.000175716834072 5.49193798068e-05 5.78615708594e-05 1.21006833122e-05 7.21893410165e-05 0.0
4.36848007693e-05 5.41880586204e-05 -6.31942630063e-05 -7.52266714077e-06 7.23241499791e-05 0.0
-0.000157071610427 -3.179123331e-05 6.80307354564e-05 2.88558080329e-06 7.24623752123e-05 0.0
-0.000110724944095 -6.77569577474e-05 -7.23330108241e-05 1.77416395226e-06 7.25974137752e-05 0.0
0.000109812808523 2.87170962049e-06 7.60673063943e-05 -6.41997745747e-06 7.27348879148e-05 0.0
0.000157594435038 6.89826396133e-05 -7.92042993943e-05 1.10153794361e-05 7.28711739154e-05 0.0
-4.25495170629e-05 2.657095054e-05 8.17193572444e-05 -1.5524285458e-05 7.30072292628e-05 0.0
-0.000175755105287 -5.76418229778e-05 -8.35927309803e-05 1.99112902841e-05 7.31449288078e-05 0.0
-3.2464977387e-05 -5.11732072016e-05 8.48097103278e-05 -2.41419458791e-05 7.32798972741e-05 0.0
0.000161898643694 3.58004530708e-05 -8.53607392116e-05 2.81830319073e-05 7.34182021113e-05 0.0
0.000101565359359 6.64532918615e-05 8.5241490793e-05 -3.20028165882e-05 7.35531771312e-05 0.0
-0.000118549268019 -7.437350415e-06 -8.44529014453e-05 3.55713058635e-05 7.36908615608e-05 0.0
-0.000152163681345 -6.96276467715e-05 8.30011634008e-05 -3.88604789198e-05 7.38269326347e-05 0.0
5.36038906935e-05 -2.22806069313e-05 -8.08976761282e-05 4.18445082154e-05 7.39631986058e-05 0.0
0.000175042497606 6.01180028709e-05 7.815895682e-05 -4.4499962286e-05 7.41006848133e-05 0.0
2.11064538156e-05 4.79397283853e-05 -7.48065106953e-05 4.68059897356e-05 7.42357102046e-05 0.0
-0.000166033997057 -3.96567224829e-05 7.08666621342e-05 -4.87444829672e-05 7.43739342938e-05 0.0
-9.19718567317e-05 -6.48657174411e-05 -6.63703479712e-05 5.03002203692e-05 7.45087452284e-05 0.0
0.000126779249235 1.19712166022e-05 6.13528745703e-05 -5.14609858399e-05 7.46464990324e-05 0.0
0.000146082838445 6.99751835923e-05 -5.5853640589e-05 5.22176647121e-05 7.47822512623e-05 0.0
-6.44292523125e-05 1.78950738402e-05 4.99158276089e-05 -5.25643153234e-05 7.49186344934e-05 0.0
-0.000173582055507 -6.23373404976e-05 -4.35860610612e-05 5.24982156727e-05 7.50558106755e-05 0.0
-9.6577570985e-06 -4.45014365695e-05 3.691404411e-05 -5.20198847936e-05 7.51908575991e-05 0.0
0.000169460003034 4.33435663986e-05 -2.99521673693e-05 5.11330786791e-05 7.53289312145e-05 0.0
8.19854225531e-05 6.30010170839e-05 2.2755097516e-05 -4.98447607881e-05 7.54635884404e-05 0.0
-0.000134467591206 -1.64539381362e-05 -1.53793480318e-05 4.81650473667e-05 7.56013951839e-05 0.0
-0.000139377885536 -7.00237652936e-05 7.8828354426e-06 -4.61071280123e-05 7.57368696731e-05 0.0
7.49793527055e-05 -1.34330875887e-05 -3.24424541325e-07 4.3687162105e-05 7.58734219762e-05 0.0
0.000171380018437 6.42903541775e-05 -7.23653383562e-06 -4.09241519196e-05 7.60103457705e-05 0.0
-1.83220047396e-06 4.08730211756e-05 1.47406688483e-05 3.7839793414e-05 7.61455261374e-05 0.0
-0.000172162024695 -4.68452335072e-05 -2.21290558504e-05 -3.44583058666e-05 7.62835255536e-05 0.0
-7.16487218864e-05 -6.08671573528e-05 2.93436790824e-05 3.08062416992e-05 7.64181760604e-05 0.0
0.000141581447013 2.08663634768e-05 -3.63278872285e-05 -2.69122779797e-05 7.65561366982e-05 0.0
0.000132077468203 6.97731843195e-05 4.3026838259e-05 2.28069912415e-05 7.66914780106e-05 0.0
-8.52091186569e-05 8.9137111296e-06 -4.93879300659e-05 -1.85226173878e-05 7.68283263436e-05 0.0
-0.000168445794165 -6.5968700046e-05 5.53612135098e-05 1.40927985657e-05 7.69651156097e-05 0.0
1.33143303326e-05 -3.70699838899e-05 -6.08997846353e-05 -9.55231899846e-06 7.71005695473e-05 0.0
0.000174128518187 5.01467636292e-05 6.59601529742e-05 4.93683184967e-06 7.72385747496e-05 0.0
6.10059162391e-05 5.84732547412e-05 -7.05025830453e-05 -2.82579264151e-07 7.73733407909e-05 0.0
-0.000148090424115 -2.51896414102e-05 7.44914063692e-05 -4.37389221577e-06 7.75115043153e-05 0.0
-0.000124212776033 -6.92245112278e-05 -7.78953015473e-05 8.99601862439e-06 7.76467870494e-05 0.0
9.50748455169e-05 -4.35625260429e-06 8.06875402067e-05 -1.35475056834e-05 7.7783958422e-05 0.0
0.000164791918583 6.73652077027e-05 -8.28461968787e-05 1.79926137954e-05 7.79206178456e-05 0.0
-2.47395773506e-05 3.31085724364e-05 8.43543211647e-05 -2.2296438681e-05 7.80563500192e-05 0.0
-0.000175351082055 -5.32340516306e-05 -8.5200070835e-05 2.6425185458e-05 7.81943004726e-05 0.0
-5.01024748913e-05 -5.58295367241e-05 8.53768048176e-05 -3.03464340082e-05 7.83291557265e-05 0.0
0.000153966714196 2.94053015871e-05 -8.4883135346e-05 3.40293935497e-05 7.84674174765e-05 0.0
0.000115817409366 6.83800901155e-05 8.37229388563e-05 -3.74451444152e-05 7.86025682639e-05 0.0
-0.00010453438392 -2.19817147901e-07 -8.1905325548e-05 4.05668651374e-05 7.87399431399e-05 0.0
-0.000160434002151 -6.84739108451e-05 7.94445678484e-05 -4.3370043059e-05 7.88763517196e-05 0.0
3.60591294218e-05 -2.90057111614e-05 -7.63599883414e-05 4.58326668133e-05 7.90122495638e-05 0.0
0.000175824493138 5.60939076846e-05 7.26758080404e-05 -4.79353991637e-05 7.91499906339e-05 0.0
3.89849806379e-05 5.29472980634e-05 -6.84209561988e-05 4.96617288453e-05 7.92848337195e-05 0.0
-0.00015918521197 -3.34953334341e-05 6.36288431482e-05 -5.09981002166e-05 7.94230395853e-05 0.0
-0.000106927235745 -6.72435286047e-05 -5.83370979514e-05 5.19340197014e-05 7.9557966563e-05 0.0
0.000113547319862 4.79494777485e-06 5.25872729277e-05 -5.24621381885e-05 7.96954268e-05 0.0
0.000155390663204 6.92900727586e-05 -4.64245173721e-05 5.2578308738e-05 7.98314975026e-05 0.0
-4.72246260008e-05 2.47789287274e-05 3.98972230303e-05 -5.22816191452e-05 7.99675009842e-05 0.0
-0.00017554672888 -5.87141136224e-05 -3.30566441121e-05 5.15743991028e-05 8.01049623157e-05 0.0
-2.77009307722e-05 -4.98388525531e-05 2.59564948288e-05 -5.04622019078e-05 8.02397943935e-05 0.0
0.000163723622438 3.74422630998e-05 -1.86525276136e-05 4.89537608556e-05 8.03779100614e-05 0.0
9.75802366771e-05 6.58196824295e-05 1.12020953372e-05 -4.70609206631e-05 8.05126571823e-05 0.0
-0.000122075147358 -9.34959293663e-06 -3.66370095651e-06 4.4798544461e-05 8.06502262613e-05 0.0
-0.00014968344841 -6.98102065529e-05 -3.90346186755e-06 -4.21843970838e-05 8.07860280159e-05 0.0
5.81883647139e-05 -2.04462832257e-05 1.14399735759e-05 3.92390055757e-05 8.09222260476e-05 0.0
0.000174518975975 6.10834751327e-05 -1.88866552911e-05 -3.59854980057e-05 8.10594873356e-05 0.0
1.62985341635e-05 4.65174804114e-05 2.61850335066e-05 3.24494218597e-05 8.11944462947e-05 0.0
-0.000167562556139 -4.12292281084e-05 -3.32777992381e-05 -2.86585434339e-05 8.13325643734e-05 0.0
-8.78163453647e-05 -6.41146346908e-05 4.01092580303e-05 2.46426298063e-05 8.14672884527e-05 0.0
0.000130081432952 1.38642938134e-05 -4.66257672857e-05 -2.04332150963e-05 8.16050766856e-05 0.0
0.000143336740714 7.00320900593e-05 5.27761574821e-05 1.60633528501e-05 8.17407474369e-05 0.0
-6.89035051576e-05 1.60262850264e-05 -5.85121339704e-05 -1.15673564946e-05 8.18772656582e-05 0.0
-0.000172745625292 -6.31918695877e-05 6.37886561981e-05 6.98052989809e-06 8.20144256243e-05 0.0
-4.82650529393e-06 -4.29973715433e-05 -6.85642913811e-05 -2.3388901546e-06 8.21496364767e-05 0.0
0.000170685611991 4.48400494017e-05 7.28015398457e-05 -2.32111523332e-06 8.22878110433e-05 0.0
7.76772761008e-05 6.21356698675e-05 -7.6467129487e-05 6.96289455066e-06 8.24226048588e-05 0.0
-0.000137531971376 -1.83197622395e-05 7.95322770311e-05 -1.15499991988e-05 8.25606325273e-05 0.0
-0.000136377655169 -6.99547753245e-05 -8.19729140496e-05 1.60464099006e-05 8.26962072615e-05 0.0
7.93242690158e-05 -1.15378176969e-05 8.37698759524e-05 -2.0416819534e-05 8.28330430863e-05 0.0
0.000170234253122 6.50302892893e-05 -8.49090524729e-05 2.46269103739e-05 8.29700646231e-05 0.0
-6.66614386399e-06 3.9293564917e-05 8.53814984664e-05 -2.8643623565e-05 8.31055015296e-05 0.0
-0.000173079447354 -4.82593004604e-05 -8.51835041499e-05 3.24354187093e-05 8.32436364675e-05 0.0
-6.72063460518e-05 -5.98912426951e-05 8.43166242321e-05 -3.59725215307e-05 8.3378443617e-05 0.0
0.000144394931677 2.2696963108e-05 -8.27876657059e-05 3.92271576712e-05 8.35165827598e-05 0.0
0.000128835923089 6.95785926603e-05 8.06086343973e-05 -4.21737707829e-05 8.36519621869e-05 0.0
-8.94061356376e-05 7.00005732532e-06 -7.77966406928e-05 4.47892232045e-05 8.37889861897e-05 0.0
-0.000166995588804 -6.65908799534e-05 7.43737651832e-05 -4.70529776443e-05 8.39257324041e-05 0.0
1.81303132419e-05 -3.54218843131e-05 -7.03668852805e-05 4.89472584453e-05 8.40612844032e-05 0.0
0.000174733835041 5.14723732114e-05 6.58074641689e-05 -5.04571911649e-05 8.41992248012e-05 0.0
5.64482901935e-05 5.73909420443e-05 -6.07313037463e-05 5.1570919373e-05 8.43339537241e-05 0.0
-0.000150640993217 -2.69771956947e-05 5.5178263498e-05 -5.22796977524e-05 8.44720672005e-05 0.0
-0.000120743765032 -6.89051492329e-05 -4.91919475078e-05 5.25779607695e-05 8.4607175948e-05 0.0
9.91060322437e-05 -2.43239059456e-06 4.28193620666e-05 -5.24633663767e-05 8.47443012602e-05 0.0
0.000163043468893 6.78669742652e-05 -3.6110546565e-05 5.19368144022e-05 8.48807086364e-05 0.0
-2.95170244455e-05 3.13988707207e-05 2.91181805699e-05 -5.10024394852e-05 8.50163539035e-05 0.0
-0.000175641707008 -5.44655404373e-05 -2.18971701686e-05 4.96675786085e-05 8.5154060396e-05 0.0
-4.54490701898e-05 -5.46454499548e-05 1.45042168309e-05 -4.79427134874e-05 8.52887496927e-05 0.0
0.000156243470935 3.11421735532e-05 -6.99737217253e-06 4.58413882634e-05 8.54268402039e-05 0.0
0.000112135753141 6.79373221958e-05 -5.64417883334e-07 -4.33801031521e-05 8.55617532896e-05 0.0
-0.000108382517946 -2.1456680435e-06 8.12177596614e-06 4.05781848788e-05 8.56990409311e-05 0.0
-0.000158394778036 -6.88531203643e-05 -1.56153595065e-05 -3.74576349189e-05 8.58352012313e-05 0.0
4.07776300055e-05 -2.72417116688e-05 2.29863267113e-05 3.40429567367e-05 8.59710592873e-05 0.0
0.000175799184553 5.72260144236e-05 -3.01767986064e-05 -3.03609633763e-05 8.61086269406e-05 0.0
3.42556780309e-05 5.1666495998e-05 3.71303135193e-05 2.64405669185e-05 8.62434308593e-05 0.0
-0.000161178429353 -3.51741026401e-05 -4.37922704324e-05 -2.23125514542e-05 8.638159934e-05 0.0
-0.000103048663443 -6.66792463984e-05 5.01103577263e-05 1.80093313591e-05 8.65164724738e-05 0.0
0.000117195960796 6.71455973961e-06 -5.60349639455e-05 -1.35646967665e-05 8.66540330647e-05 0.0
0.000153069376846 6.95451051369e-05 6.15195673623e-05 9.01354823744e-06 8.67900674292e-05 0.0
-5.18640212135e-05 2.29681677966e-05 -6.65211012786e-05 -4.39162271119e-06 8.69262531369e-05 0.0
-0.000175205594882 -5.97420015918e-05 7.10002921982e-05 -2.64787111362e-07 8.7063753572e-05 0.0
-2.29159352688e-05 -4.84668071649e-05 -7.49219682139e-05 4.91911774866e-06 8.71987733762e-05 0.0
0.000165424784838 3.90557573365e-05 7.82553351872e-05 -9.53482204549e-06 8.73370428986e-05 0.0
9.35213187305e-05 6.51362967207e-05 -8.09742185531e-05 1.40756561519e-05 8.74719332629e-05 0.0
-0.000125508707104 -1.12547648084e-05 8.305726885e-05 -1.85059641204e-05 8.7609756058e-05 0.0
-0.000147090017046 -6.9939972215e-05 -8.44881293626e-05 2.27909578868e-05 8.77456576905e-05 0.0
6.27288336579e-05 -1.85964969742e-05 8.52555645586e-05 -2.68969904362e-05 8.78821390555e-05 0.0
0.000173863473991 6.20027528848e-05 -8.53535483141e-05 3.07918200093e-05 8.80194957681e-05 0.0
1.14782887097e-05 4.50600534927e-05 8.47813112323e-05 -3.44448632735e-05 8.81546777724e-05 0.0
-0.000168964395678 -4.27705540412e-05 -8.35433466848e-05 3.78274354728e-05 8.8292923002e-05 0.0
-8.35944226971e-05 -6.33150651096e-05 8.16493755286e-05 -4.09129756684e-05 8.84277494249e-05 0.0
0.000133285242306 1.57468861226e-05 -7.9114269775e-05 4.3677255303e-05 8.8565692024e-05 0.0
0.000140482244265 7.00360346071e-05 7.59579358102e-05 -4.60985684506e-05 8.87013437588e-05 0.0
-7.33256495783e-05 1.41453762999e-05 -7.22051580847e-05 4.81579022575e-05 8.88379911072e-05 0.0
-0.000171778555825 -6.39986096901e-05 6.78854044986e-05 -4.98390862368e-05 8.89750614702e-05 0.0
8.39656566854e-09 -4.1460789662e-05 -6.3032595011e-05 5.1128919244e-05 8.91103054102e-05 0.0
0.000171782139585 4.63026220207e-05 5.76848352906e-05 -5.20172731358e-05 8.92483819938e-05 0.0
7.3310386041e-05 6.12233324168e-05 -5.1884117499e-05 5.24971722996e-05 8.93830706344e-05 0.0
-0.000140492342695 -2.01717319831e-05 4.56759905561e-05 -5.25648484279e-05 8.95210223648e-05 0.0
-0.000133274288906 -6.98328819057e-05 -3.91092024768e-05 5.22197701082e-05 8.96563717398e-05 0.0
8.36091961765e-05 -9.63382230561e-06 3.22353175872e-05 -5.14646469954e-05 8.97931357981e-05 0.0
0.000168959747785 6.57210451047e-05 -2.51083116269e-05 5.03054085355e-05 8.99298844597e-05 0.0
-1.14950459684e-05 3.76843928151e-05 1.77841479153e-05 -4.87511574054e-05 9.00652088782e-05 0.0
-0.000173865978307 -4.96368712136e-05 -1.0320337912e-05 4.68140980361e-05 9.02031106136e-05 0.0
-6.27131452731e-05 -5.88700351559e-05 2.77548961968e-06 -4.45094407801e-05 9.03377356096e-05 0.0
0.000147099217363 2.45103981119e-05 4.79115262279e-06 4.18552824751e-05 9.04757350235e-05 0.0
0.00012549694553 6.93313820404e-05 -1.23201733441e-05 -3.88724643426e-05 9.06108831352e-05 0.0
-9.35355390353e-05 5.08110971259e-06 1.97524524881e-05 3.55844083364e-05 9.07478574098e-05 0.0
-0.00016541909267 -6.71627003642e-05 -2.70296296415e-05 -3.20169332266e-05 9.08843920335e-05 0.0
2.29325850627e-05 -3.37469968599e-05 3.40945622969e-05 2.81980518634e-05 9.10199384419e-05 0.0
0.000175207009056 5.27590567003e-05 -4.08917745524e-05 -2.41577512118e-05 9.11577677698e-05 0.0
5.18479750067e-05 5.62652273237e-05 4.73678927243e-05 1.99277568853e-05 9.12924889419e-05 0.0
-0.000153077639743 -2.87443484168e-05 -5.34720644527e-05 -1.55412840273e-05 9.14306366666e-05 0.0
-0.000117183441298 -6.85336775702e-05 5.91563580095e-05 1.10327764957e-05 9.15657271771e-05 0.0
0.00010306226982 -5.06689084191e-07 -6.43761386716e-05 -6.43763640064e-06 9.17030136909e-05 0.0
0.000161171717227 6.8317416282e-05 6.90904192061e-05 1.79194611584e-06 9.18394295042e-05 0.0
-3.42721492271e-05 2.96654235412e-05 -7.32621817137e-05 2.86781505001e-06 9.19752935456e-05 0.0
-0.000175799502542 -5.56558395616e-05 7.68586683044e-05 -7.50505729964e-06 9.2113088911e-05 0.0
-4.07612945309e-05 -5.34200374461e-05 -7.98516383213e-05 1.20833676608e-05 9.22479770448e-05 0.0
0.000158402068212 3.28554941833e-05 8.22175900953e-05 -1.65667959116e-05 9.23862623922e-05 0.0
0.00010836929401 6.74431765296e-05 -8.39379454861e-05 2.0920136872e-05 9.25213133991e-05 0.0
-0.000112148687459 -4.06989627302e-06 8.49991957639e-05 -2.51092068451e-05 9.26588705575e-05 0.0
-0.000156235767529 -6.91802595628e-05 -8.53930076834e-05 2.91011120375e-05 9.27951197884e-05 0.0
4.54652924185e-05 -2.5457110573e-05 8.51162889191e-05 -3.28645068508e-05 9.29312426869e-05 0.0
0.000175640927454 5.83148438659e-05 -8.41712123472e-05 3.63698400166e-05 9.30688933978e-05 0.0
2.95004694934e-05 5.03466210335e-05 8.2565198983e-05 -3.95895866413e-05 9.32038718527e-05 0.0
-0.000163049755201 -3.68262713551e-05 -8.03108597099e-05 4.24984643398e-05 9.33421488041e-05 0.0
-9.90921603671e-05 -6.60645378683e-05 7.74258962541e-05 -4.50736317601e-05 9.3477061511e-05 0.0
0.000120755972032 8.62909380408e-06 -7.39329621861e-05 4.72948679401e-05 9.36147425613e-05 0.0
0.000150632331442 6.97475438795e-05 6.98594850381e-05 -4.91447310885e-05 9.3750699391e-05 0.0
-5.64641941483e-05 2.11400371393e-05 -6.52374509352e-05 5.0608695543e-05 9.38869610849e-05 0.0
-0.000174731961274 -6.07247095438e-05 6.01031534307e-05 -5.16752658295e-05 9.40243291788e-05 0.0
-1.81136095398e-05 -4.70581086492e-05 -5.4496908519e-05 5.23360669288e-05 9.41593168143e-05 0.0
0.000167000844388 4.06397155726e-05 4.84627380626e-05 -5.25859100387e-05 9.42974615443e-05 0.0
8.93916750849e-05 6.44036515471e-05 -4.20480241194e-05 5.24228333186e-05 9.44321863653e-05 0.0
-0.000128847350619 -1.31514252401e-05 3.53031368853e-05 -5.18481172942e-05 9.45699146906e-05 0.0
-0.000144385348538 -7.00168456223e-05 -2.82810391728e-05 5.08662748027e-05 9.47055540812e-05 0.0
6.72218637862e-05 -1.67326470819e-05 2.10368705314e-05 -4.94850155561e-05 9.48419465662e-05 0.0
0.00017307648738 6.28751409212e-05 -1.36275142761e-05 4.77151856032e-05 9.49790271685e-05 0.0
6.64936277532e-06 4.35685498113e-05 6.11115082303e-06 -4.55706821624e-05 9.51140821482e-05 0.0
-0.000170238455528 -4.42795346503e-05 1.45319916024e-06 4.30683444973e-05 9.52521211785e-05 0.0
-7.9309281567e-05 -6.2467613374e-05 -9.00613820188e-06 -4.02278216894e-05 9.53867631991e-05 0.0
0.000136388254407 1.76175698152e-05 1.64883584321e-05 3.70714183486e-05 9.55246094016e-05 0.0
0.000137521507815 6.99870142527e-05 -2.38411072858e-05 -3.362391947e-05 9.56600514137e-05 0.0
-7.76923413184e-05 1.22537701021e-05 3.10066488445e-05 2.99123958155e-05 9.57966933557e-05 0.0
-0.000170681578455 -6.47569507059e-05 -3.79287171961e-05 -2.59659913462e-05 9.59336016866e-05 0.0
4.84329207535e-06 -3.98928529692e-05 4.45529582505e-05 2.18156943757e-05 9.60688774054e-05 0.0
0.000172748756566 4.77301781819e-05 -5.08273565442e-05 -1.74940942403e-05 9.62069118826e-05 0.0
6.88880548436e-05 6.02646946888e-05 5.67026436803e-05 1.30351253989e-05 9.63416253196e-05 0.0
-0.000143346466378 -2.20084468109e-05 -6.21326851989e-05 -8.47380096904e-06 9.64796811568e-05 0.0
-0.000130070133674 -6.96581772193e-05 6.70748428378e-05 3.84593779427e-06 9.66150472457e-05 0.0
8.78308937023e-05 -7.72254131542e-06 -7.14903093405e-05 8.12124800439e-07 9.67520240061e-05 0.0
0.000167557466275 6.63620992379e-05 7.53444131825e-05 -5.46381035548e-06 9.68888220357e-05 0.0
-1.63152549194e-05 3.60467218099e-05 -7.86068908215e-05 1.00725924856e-05 9.70243881167e-05 0.0
-0.000174521022739 -5.09769039758e-05 8.12521243363e-05 -1.46022816957e-05 9.71624196117e-05 0.0
-5.8172517543e-05 -5.78043070256e-05 -8.32593425853e-05 1.90173095513e-05 9.72972404183e-05 0.0
0.000149692258948 2.63052970743e-05 8.46127843082e-05 -2.3283007972e-05 9.74354612791e-05 0.0
0.000122063060635 6.90317394133e-05 -8.53018218877e-05 2.73658814556e-05 9.75707298244e-05 0.0
-9.75942059799e-05 3.15831949969e-06 8.53210448008e-05 -3.12338700944e-05 9.77079716451e-05 0.0
-0.000163717497989 -6.7683728838e-05 -8.46703021036e-05 3.48566013189e-05 9.78445743367e-05 0.0
2.77175140666e-05 -3.20465881676e-05 8.33547036166e-05 -3.82056283917e-05 9.79803500822e-05 0.0
0.000175547682391 5.40058410389e-05 -8.1384579801e-05 4.12546537803e-05 9.81182413659e-05 0.0
4.7208449677e-05 5.50969619036e-05 7.87754006409e-05 -4.39797356523e-05 9.82530766631e-05 0.0
-0.000155398520974 -3.04897631634e-05 -7.55476541685e-05 4.63594758737e-05 9.8391305943e-05 0.0
-0.000113534497334 -6.81103771662e-05 7.1726685586e-05 -4.83751880335e-05 9.85263689219e-05 0.0
0.000106940566332 1.41939561089e-06 -6.73424982477e-05 5.00110441748e-05 9.86637352736e-05 0.0
0.000159178079103 6.87161931053e-05 6.24295180654e-05 -5.12541990803e-05 9.88000178388e-05 0.0
-3.90013556219e-05 2.79095418212e-05 -5.70263231855e-05 5.20948911367e-05 9.89359021297e-05 0.0
-0.000175824349322 -5.68040488371e-05 5.11753410627e-05 -5.25265189862e-05 9.9073529774e-05 0.0
-3.60426930551e-05 -5.21542259189e-05 -4.49225153069e-05 5.25456933614e-05 9.92083246324e-05 0.0
0.000160440873583 3.45439677752e-05 3.8316944921e-05 -5.21522636997e-05 9.93464674236e-05 0.0
0.000104520880368 6.68980268157e-05 -3.14104987612e-05 5.13493193249e-05 9.94813041394e-05 0.0
-0.000115830044285 -5.9910466347e-06 2.42574082474e-05 -5.01431651893e-05 9.96187575967e-05 0.0
-0.000153958603385 -6.94550810407e-05 -1.69138415228e-05 4.85432723654e-05 9.97547246657e-05 0.0
5.0118571606e-05 -2.36532574824e-05 9.43746240481e-06 -4.6562203676e-05 9.98907515184e-05 0.0
0.000175349841526 5.93595725817e-05 -1.88697759259e-06 4.42155150474e-05 0.000100028140945 0.0
2.47229511622e-05 4.89886713284e-05 -5.67832431543e-06 -4.15216333601e-05 0.000100162989525 0.0
-0.00016479777432 -3.84505901229e-05 1.31990383726e-05 3.85017117549e-05 0.000100301102093 0.0
-9.5060718631e-05 -6.53998678889e-05 -2.06161097492e-05 -3.51794635329e-05 0.000100435841607 0.0
0.000124224661303 1.05371020978e-05 2.78712974477e-05 3.15809759516e-05 0.000100573478709 0.0
0.000148081370012 6.98972358916e-05 -3.49076316283e-05 -2.77345053799e-05 0.000100709260579 0.0
-6.10216659144e-05 1.92959192834e-05 4.16698609525e-05 2.36702554214e-05 0.000100845564783 0.0
-0.000174126186244 -6.16614943032e-05 -4.81048864328e-05 -1.94201397464e-05 0.000100982829652 0.0
-1.32975853546e-05 -4.56138223374e-05 5.41621783812e-05 1.50175314969e-05 0.000101117886376 0.0
0.00016845060919 4.21929399361e-05 -5.9794173183e-05 -1.04970012309e-05 0.000101256059929 0.0
8.51944287923e-05 6.3622300973e-05 6.49566467803e-05 5.89404546426e-06 0.000101390840096 0.0
-0.000132088553047 -1.5038139878e-05 -6.96090619317e-05 -1.24480794171e-06 0.000101528735928 0.0
-0.0001415714883 -7.0040768639e-05 7.37148865231e-05 -3.41420417413e-06 0.000101664423212 0.0
7.16640572351e-05 -1.4856143089e-05 -7.72418804279e-05 8.04640696774e-06 0.00010180106687 0.0
0.000172158611302 6.36999794968e-05 8.01623486662e-05 -1.26154270382e-05 0.000101938230876 0.0
1.81540824602e-06 4.20440973202e-05 -8.24533588737e-05 1.70853871136e-05 0.000102073534686 0.0
-0.000171383772178 -4.57550287658e-05 8.40969213732e-05 -2.14211877699e-05 0.000102211732912 0.0
-7.49641626217e-05 -6.1572920371e-05 -8.50801304348e-05 2.55887830418e-05 0.000102346553161 0.0
0.000139388122597 1.94749301826e-05 8.53952656156e-05 -2.95554477615e-05 0.000102484631674 0.0
0.000134456770429 6.98850660678e-05 -8.50398523827e-05 3.32900345261e-05 0.000102620165273 0.0
-8.20002780578e-05 1.03528969643e-05 8.4016681544e-05 -3.67632182764e-05 0.000102757055472 0.0
-0.000169455522774 -6.5466319138e-05 -8.23337873338e-05 3.99477265654e-05 0.000102894002644 0.0
9.67452483496e-06 -3.82947472203e-05 8.00043843261e-05 -4.28185537095e-05 0.000103029457627 0.0
0.000173584731927 4.91216382929e-05 -7.70467636693e-05 4.53531571407e-05 0.000103167526304 0.0
6.44136269061e-05 5.92604816556e-05 7.34841494595e-05 -4.75316344172e-05 0.000103302285511 0.0
-0.000146092183986 -2.38285177033e-05 -6.93445163775e-05 4.93368795031e-05 0.000103440390453 0.0
-0.000126767612623 -6.94307933861e-05 6.4660370024e-05 -5.07547170898e-05 0.000103575662093 0.0
9.19861689253e-05 -5.80542013671e-06 -5.94684916757e-05 5.17740139051e-05 0.000103712674816 0.0
0.000166028469069 6.69529668905e-05 5.38096494686e-05 -5.23867661345e-05 0.000103849290799 0.0
-2.11231254237e-05 3.43817903936e-05 -4.77282782743e-05 5.25881622696e-05 0.000103984822861 0.0
-0.000175044085272 -5.22783853444e-05 4.12721307847e-05 -5.23766208896e-05 0.000104122661714 0.0
-5.3587896721e-05 -5.66948642636e-05 -3.44919025438e-05 5.17538030788e-05 0.000104257336333 0.0
0.000152172095439 2.80803025991e-05 2.74408338721e-05 -5.07245993833e-05 0.000104395407927 0.0
0.000118536865288 6.86798913843e-05 -2.01742918074e-05 4.92970914094e-05 0.000104530428145 0.0
-0.000101579067096 1.23314080085e-06 1.27493353473e-05 -4.74824883641e-05 0.000104667567479 0.0
-0.000161892091598 -6.81535713459e-05 -5.22426740531e-06 4.52950390371e-05 0.000104803886362 0.0
3.24814816407e-05 -3.03219441738e-05 -2.34182300085e-06 -4.27519199156e-05 0.000104939569308 0.0
0.000175755597414 5.52117833437e-05 9.88952473303e-06 3.98731003091e-05 0.000105077231414 0.0
4.25332228554e-05 5.38870292873e-05 -1.73595710463e-05 -3.66811855449e-05 0.00010521194534 0.0
-0.000157601881739 -3.22121199609e-05 2.46933049687e-05 3.32012394641e-05 0.000105350064344 0.0
-0.000109799692661 -6.76355681424e-05 -3.18331398927e-05 -2.94605876135e-05 0.000105484977312 0.0
0.00011073798881 3.34440688498e-06 3.87230117618e-05 2.54886026774e-05 0.000105622357805 0.0
0.000157064062214 6.90630031595e-05 -4.53088193022e-05 -2.13164738343e-05 0.000105758510424 0.0
-4.37010671574e-05 2.613255345e-05 5.15388488415e-05 1.6976961851e-05 0.000105894485106 0.0
-0.000175716228559 -5.79092999283e-05 -5.73641803793e-05 -1.25041418353e-05 0.000106032073391 0.0
-3.1296834215e-05 -5.08489726458e-05 6.27390717213e-05 7.93313566827e-06 0.000106166971261 0.0
0.000162358345198 3.62063174169e-05 -6.76213176606e-05 -3.29983621718e-06 0.000106305211019 0.0
0.000100593422584 6.63022853248e-05 7.19725813849e-05 -1.35937450576e-06 0.00010644012866 0.0
-0.00011942380439 -7.90766625445e-06 -7.57586955082e-05 6.00791102548e-06 0.000106577802314 0.0
-0.000151565007716 -6.96773769638e-05 7.89499303636e-05 -1.06092716839e-05 0.000106713841961 0.0
5.47339485157e-05 -2.18315165648e-05 -8.15212274486e-05 1.51273252614e-05 0.000106850142601 0.0
0.000174926146902 6.03594104927e-05 8.34523961922e-05 -1.95265946899e-05 0.000106987640177 0.0
1.99267360459e-05 4.75936738348e-05 -8.47282724966e-05 2.37725356288e-05 0.000107122728054 0.0
-0.000166421164767 -4.00458305491e-05 8.5338837811e-05 -2.78318077174e-05 0.000107261016173 0.0
-9.09573870214e-05 -6.46857391183e-05 -8.52792977991e-05 3.16725363729e-05 0.000107395902453 0.0
0.000127599405406 1.24371416852e-05 8.45501199864e-05 -3.52645630791e-05 0.000107533766755 0.0
0.000145418421727 6.99940679683e-05 -8.31570300889e-05 3.85796821996e-05 0.000107669601768 0.0
-6.55329899141e-05 1.74372088469e-05 8.11109670527e-05 -4.15918624567e-05 0.000107806119263 0.0
-0.00017338872791 -6.25516474245e-05 -7.84279971587e-05 4.42774513367e-05 0.000107943387704 0.0
-8.47150484184e-06 -4.4135040474e-05 7.51291878654e-05 -4.66153608162e-05 0.000108078562486 0.0
0.000169772982855 4.37142557977e-05 -7.12404423808e-05 4.85872329513e-05 0.000108216738496 0.0
8.09327540291e-05 6.27928358967e-05 6.67922962633e-05 -5.01775840296e-05 0.000108351492665 0.0
-0.000135229863222 -1.69134818903e-05 -6.18196776474e-05 5.13739261528e-05 0.000108489402707 0.0
-0.000138650564318 -7.00117231735e-05 5.6361632978e-05 -5.21668652953e-05 0.000108624933403 0.0
7.6052054586e-05 -1.2968404106e-05 -5.0461020406e-05 5.25501750688e-05 0.00010876156948 0.0
0.000171110539903 6.44766448254e-05 4.41641732542e-05 -5.25208456137e-05 0.000108898513276 0.0
-3.01991918968e-06 4.04878488898e-05 -3.75205361943e-05 5.20791072332e-05 0.000109033734095 0.0
-0.000172399479481 -4.71959205422e-05 3.0582276993e-05 -5.12284285856e-05 0.000109171727619 0.0
-7.05623518667e-05 -6.06316627141e-05 -2.34038768754e-05 4.99754894463e-05 0.000109306360338 0.0
0.000142282578218 2.13175625921e-05 1.6041702723e-05 -4.83301282573e-05 0.000109444295087 0.0
0.00013129034982 6.97302671509e-05 -8.55356446435e-06 4.63052648722e-05 0.000109579563073 0.0
-8.624620191e-05 8.44419442577e-06 9.9826113463e-07 -4.39167991061e-05 0.000109716362691 0.0
-0.000168101315987 -6.61261785251e-05 6.56488083129e-06 4.11834858854e-05 0.000109853042736 0.0
1.44984412143e-05 -3.66676809861e-05 -1.40764734473e-05 -3.81267879791e-05 0.00010998841812 0.0
0.00017428943346 5.0475950059e-05 2.14775335077e-05 3.47707074662e-05 0.000110126305026 0.0
5.98904860244e-05 5.82114527553e-05 -2.87099457407e-05 -3.11415972653e-05 0.00011026096146 0.0
-0.000148727419064 -2.56305682278e-05 3.57169191459e-05 2.7267954203e-05 0.00011039901908 0.0
-0.000123369223292 -6.91509023658e-05 -4.24434329343e-05 -2.31801952491e-05 0.000110534173518 0.0
9.60718794097e-05 -3.88390859651e-06 4.8836668567e-05 1.89104186735e-05 0.000110671260111 0.0
0.000164373912476 6.74932012175e-05 -5.48464245021e-05 -1.44921520013e-05 0.000110807797844 0.0
-2.59150215189e-05 3.26908576742e-05 6.04255103914e-05 9.96008874483e-06 0.000110943464384 0.0
-0.000175434770337 -5.35403310714e-05 -6.55301176331e-05 -5.34981598037e-06 0.00011108132834 0.0
-4.89627499366e-05 -5.55425458881e-05 7.01201633694e-05 6.97534907916e-07 0.000111216133356 0.0
0.000154536851455 2.98340723345e-05 -7.41596052289e-05 3.96022341111e-06 0.000111354362766 0.0
0.000114921026181 6.82761040394e-05 7.76167243413e-05 -8.58688490636e-06 0.000111489481957 0.0
-0.000105487108823 -6.92970463383e-07 -8.04643744041e-05 1.31461196888e-05 0.000111626879937 0.0
-0.000159944253964 -6.85718725685e-05 8.26801948423e-05 -1.76021273234e-05 0.00011176328748 0.0
3.72208850243e-05 -2.85743691443e-05 -8.42467863906e-05 2.19199179448e-05 0.000111899249213 0.0
0.000175830596887 5.63759716182e-05 8.51518477174e-05 -2.60655870077e-05 0.000112037033362 0.0
3.78258301923e-05 5.26363444888e-05 -8.53882720184e-05 3.00065815153e-05 0.000112171960548 0.0
-0.00015968605574 -3.39101162732e-05 8.49542028216e-05 -3.37119556346e-05 0.000112310257781 0.0
-0.000105981851734 -6.71096095744e-05 -8.38530485641e-05 3.71526136926e-05 0.000112445273912 0.0
0.000114451665446 5.26688894415e-06 8.20934558288e-05 -4.03015386433e-05 0.000112582861436 0.0
0.000154831265288 6.93575841685e-05 -7.96892414487e-05 4.31340042142e-05 0.00011271902176 0.0
-4.83677296666e-05 2.43358022789e-05 7.66592840129e-05 -4.56277690632e-05 0.000112855161786 0.0
-0.000175475222019 -5.89707569864e-05 -7.30273756269e-05 4.77632514249e-05 0.000112992715243 0.0
-2.65273070765e-05 -4.95052647275e-05 6.88220350893e-05 -4.9523682872e-05 0.000113127663002 0.0
0.000164153032963 3.78412859529e-05 -6.4076283955e-05 5.08952399856e-05 0.00011326587252 0.0
9.65898908068e-05 6.56564025876e-05 5.88273872393e-05 -5.18671529013e-05 0.000113400693771 0.0
-0.000122927249985 -9.81830568453e-06 -5.31165608029e-05 5.24317898767e-05 0.000113538347517 0.0
-0.000149056790683 -6.98469792202e-05 4.69886477126e-05 -5.25847172183e-05 0.000113674177541 0.0
5.93079327588e-05 -1.99932655157e-05 -4.04917661209e-05 5.23247340963e-05 0.000113810430824 0.0
0.000174370164001 6.13136014693e-05 3.36769314279e-05 -5.16538819737e-05 0.000113947683712 0.0
1.51154512925e-05 4.61626835228e-05 -2.65976556937e-05 5.05774285759e-05 0.000114082648228 0.0
-0.000167918698849 -4.16107862295e-05 1.93095274464e-05 -4.91038265276e-05 0.000114220733951 0.0
-8.67852686917e-05 -6.39226916181e-05 -1.18697751845e-05 4.72446469798e-05 0.000114355405402 0.0
0.000130877652184 1.43277756575e-05 4.33681800231e-06 -4.501448875e-05 0.000114493143852 0.0
0.000142645500446 7.00379668801e-05 3.23019313366e-06 4.2430863688e-05 0.000114628713577 0.0
-6.99947544489e-05 1.55653114835e-05 -1.07718398555e-05 -3.95140591676e-05 0.000114765162392 0.0
-0.000172520143977 -6.33944957275e-05 1.8228902964e-05 3.62869787847e-05 0.000114902197522 0.0
-3.63901773523e-06 -4.26228813911e-05 -2.5542827435e-05 -3.27749625112e-05 0.00011503731452 0.0
0.000170966965335 4.52025126591e-05 3.26561822106e-05 2.90055877184e-05 0.000115175368411 0.0
7.66098736961e-05 6.19158836027e-05 -3.95131111642e-05 -2.50084526311e-05 0.00011531004644 0.0
-0.000138268905522 -1.87760330453e-05 4.60597716992e-05 2.08149439145e-05 0.000115447976823 0.0
-0.000135624785547 -6.99297311913e-05 -5.22447575369e-05 -1.64579902162e-05 0.000115583429749 0.0
8.03825374067e-05 -1.10708577393e-05 5.80195023731e-05 1.19718036014e-05 0.000115720196827 0.0
0.000169933065789 6.52045495524e-05 -6.3338661235e-05 -7.39161090958e-06 0.000115857116812 0.0
-7.85296280499e-06 3.89009814363e-05 6.81604665433e-05 2.75337714331e-06 0.000115992508792 0.0
-0.000173284809307 -4.86011203018e-05 -7.2447056083e-05 1.90647693953e-06 0.000116130588078 0.0
-6.61071781809e-05 -5.96445522316e-05 7.61647703088e-05 -6.55136081203e-06 0.000116265369337 0.0
0.000145069432333 2.31440735489e-05 -7.92844166493e-05 1.11448014977e-05 0.000116403511492 0.0
0.0001280246406 6.95227345692e-05 8.17814987361e-05 -1.5650729967e-05 0.000116538887035 0.0
-9.04269018861e-05 6.52910594701e-06 -8.36364087557e-05 2.00337643616e-05 0.000116675966958 0.0
-0.000166619982218 -6.67360298471e-05 8.48345814162e-05 -2.42594878231e-05 0.00011681274182 0.0
1.93113931162e-05 -3.50128847392e-05 -8.53666083181e-05 2.82947187443e-05 0.000116948382818 0.0
0.000174862328234 5.1792089279e-05 8.52283118316e-05 -3.21077713207e-05 0.00011708639418 0.0
5.53220528335e-05 5.71184013183e-05 -8.44207779011e-05 3.56687043566e-05 0.00011722122271 0.0
-0.000151250178712 -2.74132355797e-05 8.29503475172e-05 -3.89495563722e-05 0.000117359448017 0.0
-0.00011987753572 -6.88187158263e-05 -8.08285669262e-05 4.1924565165e-05 0.000117494652581 0.0
0.000100084935328 -1.95945984204e-06 7.80720969651e-05 -4.45703701025e-05 0.000117631912944 0.0
0.000162595047757 6.79823936654e-05 -7.47025822364e-05 4.68661955563e-05 0.000117768409211 0.0
-3.06873193232e-05 3.09752024231e-05 7.07464811476e-05 -4.87940140385e-05 0.00011790418371 0.0
-0.000175692782479 -5.47617868076e-05 -6.6234858153e-05 5.03386877588e-05 0.000118041974578 0.0
-4.43005749669e-05 -5.43482233425e-05 6.12031398258e-05 -5.14880874908e-05 0.000118176758969 0.0
0.000156784738644 3.15652799884e-05 -5.56908366789e-05 5.22331878141e-05 0.000118314927622 0.0
0.000111218277799 6.78206827435e-05 4.97412329168e-05 -5.25681379847e-05 0.000118449886111 0.0
-0.000109315375697 -2.61855766721e-06 -4.34010465552e-05 5.24903078766e-05 0.000118587233931 0.0
-0.000157875458142 -6.89383161646e-05 3.67200625779e-05 -5.20003086345e-05 0.000118723391676 0.0
4.19321400332e-05 -2.68051846866e-05 -2.97507420102e-05 5.11019878745e-05 0.000118859273052 0.0
0.000175772624091 5.74975254426e-05 2.25478099804e-05 -4.98023994722e-05 0.000118996803859 0.0
3.30898316635e-05 5.13458533412e-05 -1.51678260016e-05 4.81117481728e-05 0.000119131578474 0.0
-0.000161649466817 -3.55824679869e-05 7.66873985011e-06 -4.60433094611e-05 0.000119269690442 0.0
-0.000102083861804 -6.65328992195e-05 -1.09436527323e-07 4.36133253184e-05 0.000119404479914 0.0
0.000118078787763 7.18538790719e-06 -7.45072612285e-06 -4.08408766853e-05 0.000119541971095 0.0
0.000152481376885 6.9599713355e-05 1.49523835087e-05 3.77477336335e-05 0.000119677883695 0.0
-5.29978139759e-05 2.25206471048e-05 -2.2336630439e-05 -3.43581844199e-05 0.00011981398536 0.0
-0.000175101511963 -5.99876172824e-05 2.95454836633e-05 3.0698844769e-05 0.000119951354088 0.0
-2.17377186048e-05 -4.8124118346e-05 -3.65223371736e-05 -2.67984488778e-05 0.000120086272394 0.0
0.000165823579644 3.94476369348e-05 4.32124066909e-05 2.26876237871e-05 0.000120224427772 0.0
9.25133127168e-05 6.49608670543e-05 -4.95631598473e-05 -1.83986488888e-05 0.000120359204868 0.0
-0.000126337731583 -1.17215199998e-05 5.55247286857e-05 1.39652024588e-05 0.000120496946784 0.0
-0.00014643584913 -6.9963759548e-05 -6.1050301237e-05 -9.4220972053e-06 0.000120632741687 0.0
6.38370652498e-05 -1.81398945165e-05 6.60964891017e-05 4.80500690955e-06 0.000120769176331 0.0
0.000173682313289 6.22214239026e-05 -7.06236681477e-05 -1.50186304767e-07 0.000120906458575 0.0
1.02927354465e-05 4.46967825819e-05 7.45962896512e-05 -4.50581360647e-06 0.000121041620375 0.0
-0.000169289244053 -4.31442736631e-05 -7.79831594349e-05 9.12643256135e-06 0.00012117984468 0.0
-8.25475188154e-05 -6.31113024444e-05 8.07576828142e-05 -1.36753881186e-05 0.000121314671539 0.0
0.000134056922455 1.62075742185e-05 -8.28980734261e-05 1.81169605587e-05 0.000121452652589 0.0
0.000139764703198 7.00288994285e-05 8.43875243022e-05 -2.24162733656e-05 0.00012158832786 0.0
-7.44035852996e-05 1.36816428198e-05 -8.52143398419e-05 2.65395670871e-05 0.000121725060454 0.0
-0.000171521091313 -6.41894018065e-05 8.53720276496e-05 -3.04544644241e-05 0.000121862186194 0.0
1.1962213864e-06 -4.10784886623e-05 -8.48593495148e-05 3.41302244663e-05 0.000121997538157 0.0
0.000172031653679 4.66565850229e-05 8.36803311351e-05 -3.75379840788e-05 0.000122135707774 0.0
7.2229056981e-05 6.09921072883e-05 -8.1844230505e-05 4.0650984544e-05 0.000122270504088 0.0
-0.000141203381663 -2.06243847849e-05 7.93654652197e-05 -4.34447816786e-05 0.000122408579845 0.0
-0.00013249644024 -6.9794854699e-05 -7.62634992636e-05 4.58974377766e-05 0.000122544023915 0.0
8.46522307601e-05 -9.16493901264e-06 7.2562690174e-05 -4.79896938702e-05 0.000122680921257 0.0
0.000168627079428 6.58831431981e-05 -6.8292097778e-05 4.97051209574e-05 0.000122817750546 0.0
-1.26800676002e-05 3.72846950318e-05 6.34852560067e-05 -5.10302490066e-05 0.000122953187795 0.0
-0.000174039092121 -4.99695653594e-05 -5.81799095771e-05 5.19546727279e-05 0.00012309115924 0.0
-6.16020107991e-05 -5.86123354278e-05 5.24177176094e-05 -5.24711332777e-05 0.000123225851747 0.0
0.000147746577376 2.49530817501e-05 -4.62439265074e-05 5.25755752581e-05 0.000123363907781 0.0
0.00012466211247 6.92626252694e-05 3.9707014671e-05 -5.22671785601e-05 0.000123499068694 0.0
-9.45392163225e-05 4.6090798178e-06 -3.28583118295e-05 5.15483648042e-05 0.000123636074758 0.0
-0.000165012641728 -6.72954119026e-05 2.57515959856e-05 -5.04247783246e-05 0.000123772575415 0.0
2.41097407354e-05 -3.33316099226e-05 -1.84426711349e-05 4.89052418486e-05 0.000123908112195 0.0
0.000175302982994 5.30690606198e-05 1.09889290771e-05 -4.70016872177e-05 0.000124045878439 0.0
5.07117822208e-05 5.59821539671e-05 -3.44889875828e-06 4.47290616953e-05 0.000124180537986 0.0
-0.000153658555085 -2.91751716132e-05 -4.11821331468e-06 -4.21052105968e-05 0.000124318609345 0.0
-0.000116295190503 -6.84344849846e-05 1.16529879813e-05 3.91507371625e-05 0.000124453591164 0.0
0.000104022301798 -3.35292418503e-08 -1.90962600037e-05 -3.58888407756e-05 0.000124590794514 0.0
0.000160693220183 6.84201742816e-05 2.63895826494e-05 3.23451347933e-05 0.000124727076303 0.0
-3.5436409776e-05 2.92361221084e-05 -3.34756866318e-05 -2.85474454236e-05 0.000124862848818 0.0
-0.000175817926575 -5.59418288243e-05 4.02989298057e-05 2.45255932258e-05 0.000125000514949 0.0
-3.96048975918e-05 -5.31127998358e-05 -4.6805734085e-05 -2.03111589509e-05 0.000125135302048 0.0
0.000158914057036 3.32726163311e-05 5.29450061538e-05 1.59372355601e-05 0.000125273488355 0.0
0.000107431420356 6.731397191e-05 -5.86685386656e-05 -1.14381683694e-05 0.000125408436959 0.0
-0.000113060972582 -4.54216458115e-06 6.39313887818e-05 6.84928536052e-06 0.000125545936319 0.0
-0.000155687268664 -6.92526250104e-05 -6.86922310756e-05 -2.20661977481e-06 0.000125682101271 0.0
4.66116837709e-05 -2.50157287501e-05 7.29136820314e-05 -2.45337282991e-06 0.000125818203806 0.0
0.00017558172287 5.85755966394e-05 -7.65625935908e-05 7.09410083901e-06 0.000125955812078 0.0
2.83288088781e-05 5.00165317814e-05 7.96103134412e-05 -1.16791239091e-05 0.000126090797075 0.0
-0.000163490630137 -3.72279103824e-05 -8.20329100015e-05 1.61724391081e-05 0.000126229089228 0.0
-9.81086707321e-05 -6.59058732159e-05 8.38113603405e-05 -2.05387636207e-05 0.000126364028517 0.0
0.000121616612741 9.09845290514e-06 -8.49316995497e-05 2.47438117995e-05 0.000126501780996 0.0
0.000150016174111 6.97892076081e-05 8.53851304005e-05 -2.87545643856e-05 0.000126637786313 0.0
-5.75878185741e-05 2.06884606428e-05 -8.51680924222e-05 3.25395277854e-05 0.000126774156895 0.0
-0.000174595381012 -6.09591118135e-05 8.42822898601e-05 -3.60689813676e-05 0.00012691160215 0.0
-1.69316909365e-05 -4.67065779962e-05 -8.27346782929e-05 3.93152108381e-05 0.000127046709203 0.0
0.000167368721885 4.10241555563e-05 8.0537410016e-05 -4.2252725861e-05 0.000127184961689 0.0
8.83667712345e-05 6.42162047253e-05 -7.77077386177e-05 4.48584602155e-05 0.000127319794035 0.0
-0.000129652669998 -1.36158698902e-05 7.42678834991e-05 -4.71119529191e-05 0.000127457649542 0.0
-0.000143704165151 -7.00276296318e-05 -7.02448554012e-05 4.89955088929e-05 0.000127593374696 0.0
6.83179208225e-05 -1.62728051829e-05 6.56702443084e-05 -5.04943379088e-05 0.000127729889352 0.0
0.000172863114952 6.30821912498e-05 -6.05799713948e-05 5.15966707261e-05 0.000127867035429 0.0
5.46223569708e-06 4.31970796026e-05 5.5014006961e-05 -5.22938515077e-05 0.000128002178909 0.0
-0.000170531763901 -4.46451331466e-05 -4.90160565753e-05 5.25804057877e-05 0.000128140267316 0.0
-7.82473421999e-05 -6.22521852121e-05 4.26332178853e-05 -5.24540834587e-05 0.000128274944198 0.0
0.000137134811889 1.80751157666e-05 -3.59156107931e-05 5.19158764402e-05 0.000128412821477 0.0
0.000136778208592 6.99668724706e-05 2.89159838995e-05 -5.097001089e-05 0.000128548242159 0.0
-7.87561482784e-05 1.17876273842e-05 -2.16893003068e-05 4.9623914019e-05 0.00012868488583 0.0
-0.000170392325453 -6.49357645118e-05 1.42923060322e-05 -4.78881557706e-05 0.000128821730575 0.0
6.03055586302e-06 -3.95030302377e-05 -6.783084422e-06 4.57763658223e-05 0.000128956965135 0.0
0.000172966242715 4.80753732436e-05 -7.79399936089e-07 -4.33051265619e-05 0.000129094914611 0.0
6.77936168857e-05 6.00222055612e-05 8.33576421964e-06 4.04938428773e-05 0.000129229538936 0.0
-0.000144031072443 -2.2457139289e-05 -1.58266736629e-05 -3.73645897841e-05 0.000129367504525 0.0
-0.000129267894215 -6.96071956973e-05 2.31933074704e-05 3.39419390859e-05 0.000129502744661 0.0
8.88579056814e-05 -7.25208928105e-06 -3.03778206953e-05 -3.02527664295e-05 0.00012963963151 0.0
0.000167193568474 6.65119125746e-05 3.73237984541e-05 2.63260402694e-05 0.00012977629264 0.0
-1.7497583067e-05 3.56402119962e-05 -4.39766989133e-05 -2.21925943994e-05 0.000129911767387 0.0
-0.000174661757496 -5.13002208253e-05 5.02842815673e-05 1.78848858362e-05 0.000130049681381 0.0
-5.70502567637e-05 -5.75357929189e-05 -5.61970174462e-05 -1.34367399579e-05 0.000130184409542 0.0
0.000150311988752 2.67432191294e-05 6.16684780315e-05 8.88308489713e-06 0.000130322554055 0.0
0.000121205308349 6.895013596e-05 -6.66556998265e-05 -4.25967727517e-06 0.000130457738439 0.0
-9.85800352727e-05 2.68556806203e-06 7.1119521718e-05 -3.97178569225e-07 0.00013059495057 0.0
-0.000163280510072 -6.78039016577e-05 -7.50248924807e-05 5.05091565221e-06 0.000130731497053 0.0
2.88898553112e-05 -3.16251280042e-05 7.83411460099e-05 -9.66499147933e-06 0.000130867281101 0.0
0.000175611064495 5.4305898369e-05 -8.10422421201e-05 1.42031749879e-05 0.000131005164582 0.0
4.60631607134e-05 5.48035699912e-05 8.31069710206e-05 -1.86298310436e-05 0.000131140033025 0.0
-0.000155950726845 -3.09150438602e-05 -8.45191198608e-05 2.29102002581e-05 0.000131278312451 0.0
-0.000112624896797 -6.79985004161e-05 8.52676000381e-05 -2.701067193e-05 0.000131413425838 0.0
0.000107881001178 1.8924267149e-06 -8.53465342688e-05 3.08990479654e-05 0.000131550891754 0.0
0.000158669868014 6.88062119933e-05 8.47553027385e-05 -3.45447957069e-05 0.000131687243332 0.0
-4.01587013675e-05 2.74749319133e-05 -8.34985479688e-05 3.79192876851e-05 0.000131823252672 0.0
-0.000175810107985 -5.70795647124e-05 8.15861383629e-05 -4.09960264093e-05 0.000131960972734 0.0
-3.48792689276e-05 -5.18372096596e-05 -7.90330907161e-05 4.3750852434e-05 0.000132095889785 0.0
0.00016092319633 3.4954790186e-05 7.58594522998e-05 -4.61621340657e-05 0.000132234146749 0.0
0.000103563317668 6.67563547401e-05 -7.20901434438e-05 4.8210937221e-05 0.000132369082478 0.0
-0.000116721066862 -6.46233647332e-06 6.77547618556e-05 -4.98811741027e-05 0.000132506657124 0.0
-0.000153381340354 -6.95145614091e-05 -6.28873502098e-05 5.11597295262e-05 0.000132642693808 0.0
5.12559773221e-05 -2.32073546148e-05 5.75261288355e-05 -5.20365639031e-05 0.000132778823237 0.0
0.000175258037592 5.96093699149e-05 -5.17131955992e-05 5.25047920752e-05 0.000132916257296 0.0
2.354636237e-05 4.86493851115e-05 4.54941953401e-05 -5.25607373792e-05 0.000133051163855 0.0
-0.000165208153315 -3.88451990905e-05 -3.89179614533e-05 5.22039605162e-05 0.000133189301488 0.0
-9.40592847667e-05 -6.52290057537e-05 3.20361324362e-05 -5.14372630017e-05 0.000133324040466 0.0
0.000125062464894 1.10046371784e-05 -2.4902746408e-05 5.02666651672e-05 0.000133461681164 0.0
0.000147437521282 6.99259236224e-05 1.75738167863e-05 -4.87013588867e-05 0.000133597408532 0.0
-6.21342722603e-05 1.88406284878e-05 -1.0106892454e-05 4.67536353994e-05 0.00013373368505 0.0
-0.000173957211928 -6.18845058848e-05 2.56060586839e-06 -4.44387887955e-05 0.000133870860783 0.0
-1.21128586404e-05 -4.52537156961e-05 5.0057873378e-06 4.17749959226e-05 0.000134005848538 0.0
0.000168787291169 4.25696495716e-05 -1.25328736488e-05 -3.87831736554e-05 0.000134143921294 0.0
8.41534021909e-05 6.34229787529e-05 1.99615481978e-05 3.54868146509e-05 0.000134278591622 0.0
-0.000132869558303 -1.54999227497e-05 -2.72334788762e-05 -3.19118028768e-05 0.000134416390502 0.0
-0.000140863804586 -7.00385411696e-05 3.42915643731e-05 2.80862103634e-05 0.00013455194353 0.0
7.27471108203e-05 -1.43934095053e-05 -4.10803825527e-05 -2.40400767734e-05 0.000134688498108 0.0
0.000171913188512 6.38952525539e-05 4.75466256438e-05 1.98051735224e-05 0.000134825531947 0.0
6.27605120129e-07 4.16647087388e-05 -5.36395188288e-05 -1.54147543e-05 0.000134960752204 0.0
-0.000171645318735 -4.6112229652e-05 5.93112189417e-05 1.09032939522e-05 0.000135098853161 0.0
-7.38879908632e-05 -6.13459896306e-05 -6.45171901469e-05 -6.30621777543e-06 0.000135233596283 0.0
0.000140108992826 1.99289879694e-05 6.92165536474e-05 1.65962334612e-06 0.000135371627168 0.0
0.000133688275171 6.98519329144e-05 -7.33724086768e-05 3.00000292744e-06 0.000135507100707 0.0
-8.30491517503e-05 9.88469753003e-06 7.69521222551e-05 -7.63607230719e-06 0.0001356439923 0.0
-0.00016913470003 -6.56330194052e-05 -7.99275854322e-05 1.22121810306e-05 0.000135780914812 0.0
1.08603297188e-05 -3.78976975614e-05 8.22754340076e-05 -1.66923961637e-05 0.000135916406842 0.0
0.000173770025656 4.94578043596e-05 -8.39772319925e-05 2.10415377568e-05 0.000136054502444 0.0
6.33069077214e-05 5.90069119116e-05 8.50196163754e-05 -2.52254550875e-05 0.000136189319087 0.0
-0.000146749839413 -2.42729105331e-05 -8.53944020515e-05 2.92112948226e-05 0.000136327505448 0.0
-0.000125941589065 -6.93668961038e-05 8.50986460948e-05 -3.29677589914e-05 0.000136462847054 0.0
